598
1195
1 840 -1 -1 - 4.686100e+04 5.130500e+04
2 792 -1 -1 - 3.347700e+04 4.950100e+04
3 754 -1 -1 - 2.345800e+04 3.870300e+04
4 828 -1 -1 - 1.271500e+04 4.972600e+04
5 814 -1 -1 - 1.344800e+04 5.811500e+04
6 755 -1 -1 - 2.554800e+04 5.865900e+04
7 688 -1 -1 - 3.407600e+04 6.882100e+04
8 810 -1 -1 - 2.160700e+04 6.288100e+04
9 733 -1 -1 - 2.456500e+04 5.615400e+04
10 688 -1 -1 - 3.449100e+04 6.976100e+04
11 901 -1 -1 - 2.055200e+04 6.956300e+04
12 1018 -1 -1 - 3.270300e+04 6.995700e+04
13 729 -1 -1 - 3.004600e+04 7.434000e+04
14 613 -1 -1 - 2.616600e+04 8.198100e+04
15 609 -1 -1 - 3.109100e+04 7.447000e+04
16 631 -1 -1 - 2.639700e+04 6.506500e+04
17 809 -1 -1 - 3.629100e+04 7.837200e+04
18 681 -1 -1 - 4.626400e+04 6.499000e+04
19 602 -1 -1 - 6.009300e+04 6.869600e+04
20 655 -1 -1 - 5.851100e+04 6.831900e+04
21 706 -1 -1 - 7.029300e+04 6.797400e+04
22 632 -1 -1 - 5.778500e+04 6.579200e+04
23 709 -1 -1 - 6.111100e+04 7.503000e+04
24 617 -1 -1 - 5.560300e+04 6.624800e+04
25 748 -1 -1 - 6.615200e+04 7.654000e+04
26 655 -1 -1 - 5.915700e+04 6.799200e+04
27 658 -1 -1 - 4.912700e+04 5.532800e+04
28 890 -1 -1 - 6.010000e+04 6.683400e+04
29 732 -1 -1 - 7.222100e+04 7.819600e+04
30 768 -1 -1 - 6.485500e+04 7.385900e+04
31 873 -1 -1 - 6.545300e+04 6.731300e+04
32 797 -1 -1 - 5.984800e+04 6.224300e+04
33 709 -1 -1 - 6.240000e+04 7.463300e+04
34 663 -1 -1 - 6.348100e+04 6.736000e+04
35 762 -1 -1 - 5.668900e+04 5.663300e+04
36 718 -1 -1 - 4.907100e+04 5.294700e+04
37 1010 -1 -1 - 4.528100e+04 5.323900e+04
38 1013 -1 -1 - 4.453100e+04 5.050400e+04
39 790 -1 -1 - 4.753400e+04 4.590200e+04
40 669 -1 -1 - 4.399100e+04 4.796700e+04
41 740 -1 -1 - 4.749800e+04 3.653400e+04
42 871 -1 -1 - 4.374300e+04 3.354500e+04
43 900 -1 -1 - 4.453500e+04 4.723500e+04
44 669 -1 -1 - 4.505400e+04 4.791400e+04
45 866 -1 -1 - 5.057100e+04 5.583900e+04
46 670 -1 -1 - 5.731100e+04 4.197200e+04
47 849 -1 -1 - 7.077600e+04 3.838200e+04
48 727 -1 -1 - 6.445100e+04 4.813700e+04
49 727 -1 -1 - 6.370400e+04 4.682100e+04
50 837 -1 -1 - 6.582100e+04 5.603100e+04
51 703 -1 -1 - 5.253400e+04 5.467900e+04
52 696 -1 -1 - 5.927100e+04 6.363900e+04
53 899 -1 -1 - 6.703900e+04 5.929600e+04
54 793 -1 -1 - 7.414200e+04 6.957900e+04
55 807 -1 -1 - 8.734500e+04 7.132800e+04
56 600 -1 -1 - 7.951000e+04 6.577800e+04
57 605 -1 -1 - 6.603100e+04 5.971800e+04
58 676 -1 -1 - 5.864000e+04 6.137500e+04
59 686 -1 -1 - 6.859200e+04 4.817500e+04
60 614 -1 -1 - 7.735800e+04 5.121400e+04
61 753 -1 -1 - 7.301300e+04 5.494400e+04
62 731 -1 -1 - 8.614200e+04 5.137200e+04
63 978 -1 -1 - 9.291100e+04 4.153900e+04
64 862 -1 -1 - 9.305100e+04 5.297800e+04
65 724 -1 -1 - 8.643100e+04 6.364200e+04
66 668 -1 -1 - 8.968000e+04 5.485900e+04
67 847 -1 -1 - 7.834300e+04 4.657900e+04
68 761 -1 -1 - 8.790200e+04 4.494100e+04
69 654 -1 -1 - 8.120800e+04 3.924600e+04
70 714 -1 -1 - 7.679700e+04 2.829700e+04
71 726 -1 -1 - 6.802000e+04 2.706400e+04
72 989 -1 -1 - 6.675300e+04 2.498200e+04
73 908 -1 -1 - 6.790300e+04 2.259900e+04
74 775 -1 -1 - 8.113700e+04 2.005000e+04
75 752 -1 -1 - 7.419500e+04 3.225300e+04
76 672 -1 -1 - 6.384900e+04 3.974300e+04
77 746 -1 -1 - 5.803800e+04 5.149700e+04
78 678 -1 -1 - 6.472700e+04 5.879700e+04
79 620 -1 -1 - 7.158900e+04 4.858100e+04
80 800 -1 -1 - 7.951700e+04 4.877600e+04
81 608 -1 -1 - 7.740100e+04 5.421400e+04
82 1050 -1 -1 - 8.320900e+04 4.427100e+04
83 682 -1 -1 - 7.782600e+04 4.959100e+04
84 651 -1 -1 - 6.839000e+04 5.416700e+04
85 618 -1 -1 - 7.874900e+04 6.637700e+04
86 608 -1 -1 - 7.755600e+04 5.404100e+04
87 851 -1 -1 - 7.008100e+04 4.994100e+04
88 846 -1 -1 - 6.209100e+04 3.849200e+04
89 624 -1 -1 - 6.593400e+04 4.807200e+04
90 638 -1 -1 - 6.199800e+04 5.155200e+04
91 951 -1 -1 - 5.340600e+04 3.894700e+04
92 880 -1 -1 - 5.290900e+04 4.630700e+04
93 622 -1 -1 - 4.447300e+04 3.559800e+04
94 730 -1 -1 - 3.970700e+04 2.946600e+04
95 891 -1 -1 - 5.005700e+04 1.968900e+04
96 700 -1 -1 - 4.570000e+04 2.281000e+04
97 634 -1 -1 - 4.802800e+04 3.248700e+04
98 930 -1 -1 - 5.471300e+04 1.999600e+04
99 764 -1 -1 - 5.901700e+04 2.548700e+04
100 944 -1 -1 - 6.479000e+04 1.290200e+04
101 649 -1 -1 - 5.825500e+04 6.946000e+03
102 815 -1 -1 - 5.876900e+04 2.054700e+04
103 720 -1 -1 - 7.045200e+04 3.257800e+04
104 764 -1 -1 - 5.666200e+04 2.569600e+04
105 759 -1 -1 - 6.384300e+04 1.515900e+04
106 759 -1 -1 - 6.218000e+04 1.432700e+04
107 872 -1 -1 - 5.342300e+04 1.742000e+03
108 723 -1 -1 - 4.748200e+04 2.236800e+04
109 723 -1 -1 - 4.698400e+04 2.087700e+04
110 756 -1 -1 - 4.745000e+04 1.111100e+04
111 715 -1 -1 - 3.835600e+04 1.184100e+04
112 781 -1 -1 - 4.912600e+04 2.646200e+04
113 990 -1 -1 - 4.514000e+04 3.651300e+04
114 636 -1 -1 - 5.770000e+04 4.674600e+04
115 744 -1 -1 - 6.676200e+04 5.012500e+04
116 789 -1 -1 - 7.661100e+04 3.772300e+04
117 984 -1 -1 - 7.636700e+04 3.058400e+04
118 633 -1 -1 - 8.958900e+04 3.155000e+04
119 886 -1 -1 - 8.459100e+04 1.791200e+04
120 606 -1 -1 - 8.741600e+04 1.884600e+04
121 695 -1 -1 - 7.410500e+04 2.470300e+04
122 714 -1 -1 - 7.598700e+04 2.732900e+04
123 601 -1 -1 - 8.519800e+04 4.003400e+04
124 612 -1 -1 - 7.163400e+04 5.131500e+04
125 698 -1 -1 - 7.061300e+04 5.764100e+04
126 702 -1 -1 - 5.761300e+04 5.980700e+04
127 659 -1 -1 - 4.578000e+04 4.762400e+04
128 992 -1 -1 - 3.661800e+04 3.468500e+04
129 935 -1 -1 - 2.434500e+04 3.619400e+04
130 680 -1 -1 - 2.145400e+04 3.053900e+04
131 915 -1 -1 - 3.224000e+04 2.582900e+04
132 906 -1 -1 - 4.049400e+04 3.712100e+04
133 928 -1 -1 - 4.449000e+04 4.360900e+04
134 798 -1 -1 - 4.021400e+04 5.062100e+04
135 812 -1 -1 - 5.177400e+04 4.250000e+04
136 640 -1 -1 - 4.060600e+04 3.535800e+04
137 804 -1 -1 - 3.633700e+04 3.037400e+04
138 679 -1 -1 - 4.586400e+04 3.024400e+04
139 979 -1 -1 - 5.617500e+04 3.182800e+04
140 639 -1 -1 - 6.773000e+04 4.459500e+04
141 651 -1 -1 - 6.748300e+04 5.414800e+04
142 667 -1 -1 - 7.520700e+04 5.793000e+04
143 757 -1 -1 - 7.953300e+04 5.164300e+04
144 616 -1 -1 - 7.889800e+04 5.514300e+04
145 856 -1 -1 - 7.086500e+04 5.620900e+04
146 1004 -1 -1 - 7.549200e+04 6.010500e+04
147 776 -1 -1 - 8.095400e+04 7.379300e+04
148 923 -1 -1 - 8.773300e+04 8.299600e+04
149 738 -1 -1 - 9.183000e+04 8.636200e+04
150 675 -1 -1 - 8.741200e+04 8.550700e+04
151 691 -1 -1 - 8.560400e+04 7.366700e+04
152 738 -1 -1 - 9.190500e+04 8.428600e+04
153 623 -1 -1 - 8.049500e+04 8.284700e+04
154 706 -1 -1 - 6.982700e+04 6.912400e+04
155 717 -1 -1 - 7.900200e+04 6.143800e+04
156 691 -1 -1 - 8.584000e+04 7.252600e+04
157 820 -1 -1 - 9.117500e+04 7.502500e+04
158 877 -1 -1 - 8.348500e+04 7.169800e+04
159 618 -1 -1 - 7.839900e+04 6.647100e+04
160 820 -1 -1 - 8.997000e+04 7.888300e+04
161 835 -1 -1 - 8.293500e+04 8.050900e+04
162 801 -1 -1 - 8.670800e+04 8.022400e+04
163 675 -1 -1 - 8.696600e+04 8.478100e+04
164 1011 -1 -1 - 9.188800e+04 8.918600e+04
165 833 -1 -1 - 9.013300e+04 8.684900e+04
166 777 -1 -1 - 7.964500e+04 8.053400e+04
167 806 -1 -1 - 7.242200e+04 7.398900e+04
168 748 -1 -1 - 6.604100e+04 7.873500e+04
169 617 -1 -1 - 5.552900e+04 6.588500e+04
170 629 -1 -1 - 6.031500e+04 7.881800e+04
171 806 -1 -1 - 6.947100e+04 7.496200e+04
172 696 -1 -1 - 5.785100e+04 6.360700e+04
173 743 -1 -1 - 4.994500e+04 7.192700e+04
174 629 -1 -1 - 6.059900e+04 7.850100e+04
175 929 -1 -1 - 6.229100e+04 7.951100e+04
176 821 -1 -1 - 6.137900e+04 8.630800e+04
177 829 -1 -1 - 5.487500e+04 9.372700e+04
178 821 -1 -1 - 5.922500e+04 8.334200e+04
179 692 -1 -1 - 5.716300e+04 7.870700e+04
180 632 -1 -1 - 5.748200e+04 6.611100e+04
181 845 -1 -1 - 5.850700e+04 7.686000e+04
182 690 -1 -1 - 4.787700e+04 8.998200e+04
183 783 -1 -1 - 3.957700e+04 7.918500e+04
184 735 -1 -1 - 5.229600e+04 6.687600e+04
185 708 -1 -1 - 5.231100e+04 7.037700e+04
186 702 -1 -1 - 5.698400e+04 5.885500e+04
187 658 -1 -1 - 4.860500e+04 5.487000e+04
188 645 -1 -1 - 3.482900e+04 4.117400e+04
189 685 -1 -1 - 3.432900e+04 3.949900e+04
190 607 -1 -1 - 2.040400e+04 5.224900e+04
191 898 -1 -1 - 1.983600e+04 5.193100e+04
192 814 -1 -1 - 1.483500e+04 5.498500e+04
193 817 -1 -1 - 8.123000e+03 6.376300e+04
194 684 -1 -1 - 2.776000e+04 7.127800e+04
195 631 -1 -1 - 2.665200e+04 6.470500e+04
196 778 -1 -1 - 2.561800e+04 7.695200e+04
197 760 -1 -1 - 1.742100e+04 6.663900e+04
198 707 -1 -1 - 2.963100e+04 5.652300e+04
199 796 -1 -1 - 4.152500e+04 6.000400e+04
200 780 -1 -1 - 3.583900e+04 6.353100e+04
201 798 -1 -1 - 4.200700e+04 5.238300e+04
202 805 -1 -1 - 2.876600e+04 5.029000e+04
203 733 -1 -1 - 2.308500e+04 5.552400e+04
204 791 -1 -1 - 3.005800e+04 6.057600e+04
205 904 -1 -1 - 2.352000e+04 5.040700e+04
206 660 -1 -1 - 2.091000e+04 5.329700e+04
207 810 -1 -1 - 2.478400e+04 6.201400e+04
208 760 -1 -1 - 1.722400e+04 6.895400e+04
209 785 -1 -1 - 2.657300e+04 7.379800e+04
210 802 -1 -1 - 3.720200e+04 8.700400e+04
211 813 -1 -1 - 4.777000e+04 8.744900e+04
212 813 -1 -1 - 4.399100e+04 8.812700e+04
213 1052 -1 -1 - 4.286200e+04 7.426000e+04
214 783 -1 -1 - 3.910800e+04 8.163100e+04
215 644 -1 -1 - 2.620300e+04 6.825200e+04
216 742 -1 -1 - 3.954800e+04 6.638800e+04
217 648 -1 -1 - 4.936400e+04 5.433300e+04
218 604 -1 -1 - 5.940500e+04 4.874900e+04
219 603 -1 -1 - 4.567900e+04 3.850000e+04
220 857 -1 -1 - 5.354600e+04 2.487700e+04
221 622 -1 -1 - 4.458900e+04 3.602400e+04
222 911 -1 -1 - 4.967600e+04 2.925400e+04
223 767 -1 -1 - 5.276200e+04 3.544700e+04
224 700 -1 -1 - 4.506200e+04 2.374900e+04
225 949 -1 -1 - 4.555100e+04 1.312700e+04
226 610 -1 -1 - 5.812600e+04 2.848000e+03
227 892 -1 -1 - 7.167900e+04 2.686000e+04
228 626 -1 -1 - 8.087400e+04 3.565100e+04
229 750 -1 -1 - 7.790000e+04 4.468900e+04
230 716 -1 -1 - 8.295900e+04 4.756600e+04
231 862 -1 -1 - 9.098900e+04 5.550300e+04
232 668 -1 -1 - 9.039800e+04 5.447200e+04
233 625 -1 -1 - 8.418500e+04 4.245400e+04
234 683 -1 -1 - 7.274000e+04 3.676600e+04
235 662 -1 -1 - 7.322600e+04 4.567500e+04
236 731 -1 -1 - 8.585300e+04 5.317500e+04
237 770 -1 -1 - 8.931700e+04 6.025300e+04
238 770 -1 -1 - 8.889000e+04 6.251100e+04
239 647 -1 -1 - 7.500000e+04 7.659300e+04
240 882 -1 -1 - 7.176100e+04 8.168000e+04
241 777 -1 -1 - 7.960400e+04 8.321600e+04
242 831 -1 -1 - 6.763000e+04 7.961500e+04
243 827 -1 -1 - 7.110700e+04 9.050300e+04
244 822 -1 -1 - 8.216800e+04 9.395000e+04
245 827 -1 -1 - 7.449600e+04 8.712500e+04
246 623 -1 -1 - 8.099600e+04 8.279500e+04
247 647 -1 -1 - 7.521600e+04 7.593100e+04
248 724 -1 -1 - 8.491500e+04 6.316100e+04
249 869 -1 -1 - 7.521000e+04 5.051500e+04
250 620 -1 -1 - 7.123500e+04 4.870200e+04
251 693 -1 -1 - 6.076400e+04 4.070400e+04
252 897 -1 -1 - 6.563100e+04 3.475300e+04
253 699 -1 -1 - 7.084500e+04 4.641400e+04
254 616 -1 -1 - 7.847000e+04 5.513900e+04
255 879 -1 -1 - 6.890100e+04 4.278200e+04
256 996 -1 -1 - 6.493500e+04 5.108900e+04
257 693 -1 -1 - 6.003000e+04 4.004000e+04
258 718 -1 -1 - 4.722900e+04 5.288300e+04
259 635 -1 -1 - 4.273800e+04 4.294300e+04
260 712 -1 -1 - 4.653800e+04 4.309300e+04
261 790 -1 -1 - 4.969700e+04 4.677600e+04
262 721 -1 -1 - 4.080200e+04 4.127000e+04
263 766 -1 -1 - 3.163600e+04 5.512900e+04
264 741 -1 -1 - 1.901400e+04 6.258200e+04
265 609 -1 -1 - 3.077100e+04 7.447900e+04
266 644 -1 -1 - 2.537500e+04 6.827000e+04
267 782 -1 -1 - 1.583300e+04 7.121200e+04
268 627 -1 -1 - 1.013200e+04 7.533500e+04
269 765 -1 -1 - 1.342900e+04 8.902700e+04
270 786 -1 -1 - 2.003300e+04 8.678900e+04
271 803 -1 -1 - 1.693300e+04 7.768900e+04
272 627 -1 -1 - 1.071800e+04 7.532400e+04
273 745 -1 -1 - 1.271400e+04 7.780900e+04
274 784 -1 -1 - 1.525500e+04 8.165500e+04
275 722 -1 -1 - 1.375400e+04 8.229700e+04
276 747 -1 -1 - 1.141200e+04 9.050600e+04
277 808 -1 -1 - 4.614000e+03 7.680000e+04
278 774 -1 -1 - 8.410000e+02 7.168000e+04
279 611 -1 -1 - 2.376200e+04 8.011700e+04
280 836 -1 -1 - 3.265600e+04 8.046700e+04
281 824 -1 -1 - 2.683000e+04 9.139500e+04
282 611 -1 -1 - 2.390400e+04 8.034900e+04
283 728 -1 -1 - 3.239300e+04 8.395800e+04
284 785 -1 -1 - 2.411400e+04 7.429600e+04
285 803 -1 -1 - 2.042200e+04 7.796500e+04
286 848 -1 -1 - 1.913100e+04 6.495000e+04
287 707 -1 -1 - 2.806200e+04 5.659300e+04
288 792 -1 -1 - 3.615800e+04 4.908600e+04
289 926 -1 -1 - 3.353300e+04 3.736000e+04
290 874 -1 -1 - 1.978100e+04 4.871500e+04
291 661 -1 -1 - 1.226500e+04 4.008700e+04
292 816 -1 -1 - 1.924200e+04 4.260700e+04
293 816 -1 -1 - 2.098900e+04 3.959400e+04
294 946 -1 -1 - 7.703000e+03 4.232600e+04
295 646 -1 -1 - 3.432000e+03 5.543300e+04
296 660 -1 -1 - 2.174700e+04 5.313500e+04
297 828 -1 -1 - 1.609900e+04 4.575000e+04
298 787 -1 -1 - 2.559700e+04 3.243500e+04
299 664 -1 -1 - 3.119800e+04 3.057300e+04
300 652 -1 -1 - 2.728900e+04 2.893100e+04
301 656 -1 -1 - 2.829200e+04 3.380400e+04
302 664 -1 -1 - 3.155700e+04 2.989600e+04
303 721 -1 -1 - 4.219000e+04 4.185400e+04
304 648 -1 -1 - 5.007200e+04 5.450400e+04
305 913 -1 -1 - 6.033800e+04 4.241400e+04
306 868 -1 -1 - 6.265200e+04 5.227700e+04
307 670 -1 -1 - 5.809200e+04 4.233600e+04
308 703 -1 -1 - 5.234900e+04 5.608500e+04
309 653 -1 -1 - 5.195700e+04 6.138500e+04
310 604 -1 -1 - 5.927000e+04 4.863700e+04
311 612 -1 -1 - 7.156700e+04 5.100400e+04
312 642 -1 -1 - 6.632900e+04 4.256400e+04
313 739 -1 -1 - 6.002400e+04 3.075600e+04
314 883 -1 -1 - 6.363800e+04 4.100600e+04
315 624 -1 -1 - 6.590600e+04 4.751700e+04
316 642 -1 -1 - 6.584300e+04 4.226100e+04
317 865 -1 -1 - 7.514200e+04 4.650400e+04
318 630 -1 -1 - 7.251700e+04 5.905200e+04
319 762 -1 -1 - 5.874800e+04 5.710200e+04
320 659 -1 -1 - 4.596000e+04 4.843200e+04
321 896 -1 -1 - 4.649700e+04 3.807200e+04
322 767 -1 -1 - 5.121500e+04 3.652800e+04
323 635 -1 -1 - 4.227300e+04 4.272200e+04
324 603 -1 -1 - 4.548700e+04 3.846100e+04
325 746 -1 -1 - 5.941900e+04 5.059300e+04
326 888 -1 -1 - 5.812100e+04 4.855800e+04
327 863 -1 -1 - 6.533300e+04 4.180800e+04
328 636 -1 -1 - 5.723700e+04 4.651100e+04
329 638 -1 -1 - 6.142400e+04 5.141700e+04
330 698 -1 -1 - 6.917300e+04 5.751600e+04
331 800 -1 -1 - 8.182700e+04 5.005500e+04
332 615 -1 -1 - 8.586300e+04 6.145900e+04
333 704 -1 -1 - 8.617900e+04 4.973400e+04
334 773 -1 -1 - 8.715200e+04 5.535600e+04
335 887 -1 -1 - 8.553500e+04 6.093900e+04
336 614 -1 -1 - 7.706300e+04 5.110900e+04
337 788 -1 -1 - 6.880400e+04 6.266200e+04
338 983 -1 -1 - 7.730700e+04 5.194000e+04
339 834 -1 -1 - 7.309200e+04 5.954600e+04
340 599 -1 -1 - 6.819800e+04 6.087200e+04
341 599 -1 -1 - 6.800600e+04 6.086900e+04
342 650 -1 -1 - 7.622400e+04 5.275300e+04
343 841 -1 -1 - 7.735100e+04 6.360600e+04
344 663 -1 -1 - 6.355300e+04 6.639600e+04
345 630 -1 -1 - 7.252000e+04 5.844300e+04
346 667 -1 -1 - 7.436000e+04 5.768100e+04
347 711 -1 -1 - 8.102700e+04 6.268400e+04
348 834 -1 -1 - 7.154300e+04 6.216800e+04
349 907 -1 -1 - 6.517800e+04 7.150000e+04
350 653 -1 -1 - 5.250100e+04 6.178900e+04
351 735 -1 -1 - 5.352500e+04 6.598700e+04
352 681 -1 -1 - 4.688800e+04 6.437800e+04
353 692 -1 -1 - 5.785700e+04 7.800800e+04
354 829 -1 -1 - 6.084700e+04 9.181200e+04
355 690 -1 -1 - 4.745600e+04 9.092400e+04
356 802 -1 -1 - 3.718600e+04 8.329000e+04
357 895 -1 -1 - 3.426900e+04 7.203800e+04
358 780 -1 -1 - 3.618000e+04 6.602500e+04
359 850 -1 -1 - 4.626700e+04 6.768900e+04
360 861 -1 -1 - 5.809500e+04 7.065900e+04
361 676 -1 -1 - 5.900700e+04 6.056000e+04
362 918 -1 -1 - 6.297100e+04 5.786300e+04
363 650 -1 -1 - 7.591700e+04 5.213700e+04
364 788 -1 -1 - 6.668600e+04 6.353100e+04
365 776 -1 -1 - 7.995200e+04 7.551000e+04
366 854 -1 -1 - 9.308100e+04 6.302000e+04
367 615 -1 -1 - 8.604200e+04 6.168800e+04
368 704 -1 -1 - 8.613800e+04 4.818300e+04
369 860 -1 -1 - 7.894300e+04 5.896300e+04
370 807 -1 -1 - 8.758600e+04 6.758000e+04
371 711 -1 -1 - 8.242300e+04 6.301500e+04
372 801 -1 -1 - 8.676500e+04 7.655500e+04
373 822 -1 -1 - 8.246800e+04 8.906100e+04
374 732 -1 -1 - 7.324000e+04 7.711200e+04
375 881 -1 -1 - 8.438500e+04 6.548600e+04
376 757 -1 -1 - 7.985600e+04 5.380400e+04
377 753 -1 -1 - 7.429100e+04 5.606200e+04
378 686 -1 -1 - 6.915500e+04 4.895200e+04
379 893 -1 -1 - 7.224900e+04 5.095600e+04
380 699 -1 -1 - 7.125100e+04 4.758200e+04
381 980 -1 -1 - 8.307400e+04 5.693400e+04
382 671 -1 -1 - 8.169400e+04 5.900700e+04
383 847 -1 -1 - 8.116800e+04 4.628900e+04
384 719 -1 -1 - 8.875700e+04 3.900100e+04
385 903 -1 -1 - 7.547200e+04 2.886000e+04
386 643 -1 -1 - 6.620000e+04 3.044000e+04
387 846 -1 -1 - 6.218100e+04 4.072100e+04
388 628 -1 -1 - 7.606500e+04 3.171500e+04
389 859 -1 -1 - 8.050300e+04 3.993500e+04
390 720 -1 -1 - 7.193100e+04 3.304500e+04
391 695 -1 -1 - 7.340000e+04 2.398700e+04
392 643 -1 -1 - 6.614500e+04 2.970600e+04
393 966 -1 -1 - 7.755000e+04 2.214300e+04
394 819 -1 -1 - 7.809200e+04 9.820000e+03
395 974 -1 -1 - 7.092800e+04 2.833000e+03
396 649 -1 -1 - 5.851200e+04 7.576000e+03
397 710 -1 -1 - 7.118200e+04 1.762100e+04
398 736 -1 -1 - 6.926500e+04 2.105300e+04
399 713 -1 -1 - 5.968700e+04 1.486200e+04
400 713 -1 -1 - 5.840300e+04 1.439500e+04
401 674 -1 -1 - 4.810100e+04 1.308000e+03
402 997 -1 -1 - 5.201500e+04 7.794000e+03
403 876 -1 -1 - 5.822800e+04 5.204000e+03
404 749 -1 -1 - 6.811200e+04 1.985400e+04
405 739 -1 -1 - 6.047600e+04 3.247700e+04
406 749 -1 -1 - 6.718600e+04 1.846400e+04
407 628 -1 -1 - 7.583600e+04 3.134400e+04
408 763 -1 -1 - 8.264100e+04 2.818500e+04
409 878 -1 -1 - 8.966600e+04 2.946000e+04
410 761 -1 -1 - 8.902500e+04 4.354200e+04
411 952 -1 -1 - 9.180000e+04 3.312200e+04
412 1075 -1 -1 - 8.191400e+04 4.075600e+04
413 697 -1 -1 - 7.576100e+04 4.055900e+04
414 789 -1 -1 - 7.815500e+04 3.623800e+04
415 719 -1 -1 - 9.000500e+04 3.831100e+04
416 701 -1 -1 - 8.224100e+04 3.305500e+04
417 736 -1 -1 - 7.002300e+04 2.242900e+04
418 725 -1 -1 - 6.730700e+04 3.277400e+04
419 672 -1 -1 - 6.330500e+04 3.912100e+04
420 998 -1 -1 - 6.585500e+04 3.882100e+04
421 799 -1 -1 - 6.052400e+04 3.643900e+04
422 812 -1 -1 - 4.831800e+04 4.158400e+04
423 844 -1 -1 - 3.695800e+04 5.548200e+04
424 766 -1 -1 - 3.160100e+04 5.769400e+04
425 755 -1 -1 - 2.397500e+04 5.776500e+04
426 689 -1 -1 - 1.261400e+04 6.807400e+04
427 885 -1 -1 - 2.690400e+04 8.037100e+04
428 809 -1 -1 - 3.498000e+04 7.566900e+04
429 751 -1 -1 - 2.109900e+04 8.118400e+04
430 729 -1 -1 - 2.843600e+04 7.480600e+04
431 1002 -1 -1 - 2.903000e+04 7.751400e+04
432 613 -1 -1 - 2.652800e+04 8.200300e+04
433 765 -1 -1 - 1.452200e+04 8.755500e+04
434 769 -1 -1 - 6.788000e+03 7.470400e+04
435 665 -1 -1 - 2.019800e+04 6.872300e+04
436 920 -1 -1 - 2.847100e+04 6.537600e+04
437 741 -1 -1 - 1.961100e+04 6.098300e+04
438 666 -1 -1 - 2.500400e+04 5.064000e+04
439 661 -1 -1 - 1.298600e+04 4.038700e+04
440 825 -1 -1 - 4.799000e+03 5.164300e+04
441 641 -1 -1 - 2.131900e+04 4.939600e+04
442 791 -1 -1 - 2.885800e+04 5.872600e+04
443 684 -1 -1 - 2.771300e+04 7.003900e+04
444 637 -1 -1 - 1.768200e+04 5.944300e+04
445 782 -1 -1 - 1.492600e+04 6.923600e+04
446 769 -1 -1 - 5.545000e+03 7.327800e+04
447 751 -1 -1 - 2.214700e+04 8.247900e+04
448 784 -1 -1 - 1.815100e+04 8.168900e+04
449 677 -1 -1 - 1.144900e+04 8.315600e+04
450 824 -1 -1 - 2.399500e+04 8.804700e+04
451 728 -1 -1 - 3.082000e+04 8.446000e+04
452 778 -1 -1 - 2.315700e+04 7.730700e+04
453 786 -1 -1 - 1.942300e+04 8.443600e+04
454 747 -1 -1 - 1.270400e+04 9.150100e+04
455 852 -1 -1 - 5.968000e+03 8.230300e+04
456 745 -1 -1 - 1.273000e+04 8.006000e+04
457 774 -1 -1 - 2.205000e+03 7.302900e+04
458 808 -1 -1 - 1.299000e+03 7.610400e+04
459 694 -1 -1 - 4.116000e+03 8.651600e+04
460 941 -1 -1 - 1.074800e+04 8.814000e+04
461 722 -1 -1 - 1.455900e+04 8.347300e+04
462 694 -1 -1 - 2.764000e+03 8.657300e+04
463 884 -1 -1 - 1.300300e+04 7.385700e+04
464 665 -1 -1 - 2.106800e+04 6.889000e+04
465 811 -1 -1 - 1.176400e+04 6.994800e+04
466 677 -1 -1 - 1.193600e+04 8.385600e+04
467 811 -1 -1 - 9.239000e+03 7.150200e+04
468 818 -1 -1 - 1.686000e+03 6.074300e+04
469 825 -1 -1 - 8.640000e+03 5.414000e+04
470 818 -1 -1 - 4.113000e+03 5.838600e+04
471 641 -1 -1 - 2.084600e+04 4.912500e+04
472 875 -1 -1 - 3.115100e+04 4.205900e+04
473 737 -1 -1 - 2.515200e+04 4.812000e+04
474 737 -1 -1 - 2.388300e+04 4.724300e+04
475 666 -1 -1 - 2.437400e+04 5.107700e+04
476 685 -1 -1 - 3.487300e+04 3.875500e+04
477 640 -1 -1 - 4.027400e+04 3.575900e+04
478 740 -1 -1 - 4.761900e+04 3.446600e+04
479 712 -1 -1 - 4.598500e+04 4.189500e+04
480 1007 -1 -1 - 5.965600e+04 5.347700e+04
481 864 -1 -1 - 5.309100e+04 5.789700e+04
482 796 -1 -1 - 3.948500e+04 5.861700e+04
483 742 -1 -1 - 3.834100e+04 6.738400e+04
484 853 -1 -1 - 5.145600e+04 6.076700e+04
485 602 -1 -1 - 5.993800e+04 6.874900e+04
486 743 -1 -1 - 5.086500e+04 7.322600e+04
487 708 -1 -1 - 5.198500e+04 6.905300e+04
488 678 -1 -1 - 6.531200e+04 5.819200e+04
489 605 -1 -1 - 6.621700e+04 5.978400e+04
490 797 -1 -1 - 6.212900e+04 6.107400e+04
491 793 -1 -1 - 7.122500e+04 6.983900e+04
492 831 -1 -1 - 7.036000e+04 7.897200e+04
493 768 -1 -1 - 6.650500e+04 7.284700e+04
494 600 -1 -1 - 7.963400e+04 6.585800e+04
495 858 -1 -1 - 6.694500e+04 5.332900e+04
496 662 -1 -1 - 7.419200e+04 4.574400e+04
497 673 -1 -1 - 7.517400e+04 5.339200e+04
498 1074 -1 -1 - 8.089500e+04 6.039100e+04
499 673 -1 -1 - 7.553400e+04 5.420000e+04
500 671 -1 -1 - 8.155700e+04 5.798500e+04
501 837 -1 -1 - 6.792700e+04 5.684900e+04
502 894 -1 -1 - 8.099600e+04 6.894200e+04
503 717 -1 -1 - 7.871500e+04 6.304100e+04
504 773 -1 -1 - 8.537900e+04 5.629000e+04
505 682 -1 -1 - 7.781100e+04 5.085600e+04
506 654 -1 -1 - 8.155200e+04 3.863400e+04
507 870 -1 -1 - 8.372700e+04 4.150600e+04
508 771 -1 -1 - 9.270900e+04 3.605000e+04
509 601 -1 -1 - 8.516900e+04 3.985900e+04
510 626 -1 -1 - 8.146600e+04 3.564600e+04
511 725 -1 -1 - 6.839600e+04 3.180800e+04
512 726 -1 -1 - 6.596400e+04 2.706000e+04
513 897 -1 -1 - 6.916600e+04 3.494000e+04
514 799 -1 -1 - 5.796400e+04 3.544400e+04
515 639 -1 -1 - 6.734700e+04 4.426000e+04
516 621 -1 -1 - 7.093300e+04 4.275000e+04
517 752 -1 -1 - 7.517800e+04 3.085600e+04
518 867 -1 -1 - 7.368900e+04 1.844900e+04
519 606 -1 -1 - 8.736900e+04 1.864100e+04
520 633 -1 -1 - 8.944400e+04 3.203500e+04
521 775 -1 -1 - 8.025300e+04 1.821500e+04
522 710 -1 -1 - 7.132900e+04 1.604200e+04
523 610 -1 -1 - 5.830900e+04 2.998000e+03
524 997 -1 -1 - 4.911300e+04 3.853000e+03
525 781 -1 -1 - 5.102400e+04 2.742800e+04
526 679 -1 -1 - 4.468800e+04 3.027100e+04
527 734 -1 -1 - 3.196700e+04 2.329600e+04
528 922 -1 -1 - 2.967800e+04 2.892000e+04
529 758 -1 -1 - 1.844600e+04 3.425100e+04
530 758 -1 -1 - 1.601400e+04 3.430800e+04
531 705 -1 -1 - 4.238000e+03 4.199700e+04
532 646 -1 -1 - 3.019000e+03 5.498700e+04
533 689 -1 -1 - 1.311000e+04 6.893700e+04
534 637 -1 -1 - 1.703800e+04 5.950100e+04
535 817 -1 -1 - 1.056300e+04 6.609700e+04
536 607 -1 -1 - 2.065600e+04 5.219400e+04
537 754 -1 -1 - 2.503700e+04 3.955300e+04
538 794 -1 -1 - 2.930100e+04 3.870400e+04
539 645 -1 -1 - 3.512700e+04 4.061900e+04
540 805 -1 -1 - 2.873600e+04 5.418100e+04
541 1008 -1 -1 - 3.736700e+04 4.175400e+04
542 795 -1 -1 - 3.335800e+04 3.237400e+04
543 794 -1 -1 - 2.852600e+04 3.622900e+04
544 657 -1 -1 - 2.392100e+04 2.907800e+04
545 657 -1 -1 - 2.336100e+04 2.949400e+04
546 823 -1 -1 - 2.607600e+04 2.255600e+04
547 832 -1 -1 - 2.091100e+04 3.414300e+04
548 830 -1 -1 - 1.492700e+04 3.593200e+04
549 652 -1 -1 - 2.766700e+04 2.950000e+04
550 680 -1 -1 - 2.250000e+04 3.071900e+04
551 830 -1 -1 - 1.345200e+04 2.654800e+04
552 787 -1 -1 - 2.262900e+04 3.243200e+04
553 976 -1 -1 - 1.995200e+04 1.933600e+04
554 842 -1 -1 - 3.372900e+04 1.569500e+04
555 779 -1 -1 - 4.064200e+04 2.559100e+04
556 734 -1 -1 - 3.325500e+04 2.412400e+04
557 730 -1 -1 - 3.970600e+04 3.154600e+04
558 772 -1 -1 - 3.350200e+04 1.882500e+04
559 826 -1 -1 - 2.777100e+04 4.862000e+03
560 1016 -1 -1 - 3.838100e+04 9.025000e+03
561 839 -1 -1 - 3.685500e+04 1.399400e+04
562 826 -1 -1 - 2.485300e+04 8.632000e+03
563 772 -1 -1 - 3.499500e+04 2.003200e+04
564 687 -1 -1 - 2.918700e+04 2.576700e+04
565 779 -1 -1 - 4.225800e+04 2.437800e+04
566 795 -1 -1 - 3.270700e+04 2.963400e+04
567 804 -1 -1 - 3.557300e+04 2.730000e+04
568 634 -1 -1 - 4.836500e+04 3.280500e+04
569 889 -1 -1 - 5.888400e+04 4.662800e+04
570 957 -1 -1 - 4.678800e+04 5.705800e+04
571 838 -1 -1 - 5.519600e+04 5.184600e+04
572 744 -1 -1 - 6.600600e+04 4.862100e+04
573 995 -1 -1 - 7.107500e+04 4.153100e+04
574 621 -1 -1 - 7.140200e+04 4.268100e+04
575 750 -1 -1 - 7.734900e+04 4.292300e+04
576 716 -1 -1 - 8.474900e+04 4.762600e+04
577 697 -1 -1 - 7.670000e+04 4.112000e+04
578 619 -1 -1 - 7.748200e+04 3.342400e+04
579 1003 -1 -1 - 8.698600e+04 2.224500e+04
580 819 -1 -1 - 7.617900e+04 1.295800e+04
581 763 -1 -1 - 8.440300e+04 2.740500e+04
582 771 -1 -1 - 9.149100e+04 3.751700e+04
583 988 -1 -1 - 8.325000e+04 3.864400e+04
584 932 -1 -1 - 8.160200e+04 2.599800e+04
585 619 -1 -1 - 7.705500e+04 3.345800e+04
586 701 -1 -1 - 8.189400e+04 3.428600e+04
587 625 -1 -1 - 8.464500e+04 4.258400e+04
588 683 -1 -1 - 7.225900e+04 3.756900e+04
589 843 -1 -1 - 6.312400e+04 2.804500e+04
590 815 -1 -1 - 5.657500e+04 2.295600e+04
591 756 -1 -1 - 4.897500e+04 1.206600e+04
592 674 -1 -1 - 4.913100e+04 1.169000e+03
593 715 -1 -1 - 3.987700e+04 1.151900e+04
594 687 -1 -1 - 2.816100e+04 2.608900e+04
595 823 -1 -1 - 2.909400e+04 2.029200e+04
596 656 -1 -1 - 2.894400e+04 3.348200e+04
597 855 -1 -1 - 1.839900e+04 3.717400e+04
598 705 -1 -1 - 4.986000e+03 4.285600e+04
599 933 340 341 V - -
600 894 56 494 H - -
601 1084 123 509 V - -
602 890 19 485 H - -
603 896 219 324 H - -
604 888 218 310 H - -
605 899 57 489 H - -
606 886 120 519 V - -
607 898 190 536 V - -
608 916 81 86 H - -
609 910 15 265 H - -
610 974 226 523 V - -
611 939 279 282 V - -
612 893 124 311 V - -
613 885 14 432 V - -
614 869 60 336 V - -
615 887 332 367 V - -
616 916 144 254 H - -
617 919 24 169 H - -
618 1006 85 159 H - -
619 940 578 585 V - -
620 851 79 250 V - -
621 879 516 574 H - -
622 871 93 221 H - -
623 835 153 246 V - -
624 921 89 315 V - -
625 870 233 587 H - -
626 938 228 510 V - -
627 1012 268 272 V - -
628 902 388 407 V - -
629 929 170 174 H - -
630 942 318 345 H - -
631 920 16 195 H - -
632 919 22 180 V - -
633 878 118 520 V - -
634 947 97 568 H - -
635 925 259 323 H - -
636 889 114 328 H - -
637 965 444 534 H - -
638 868 90 329 V - -
639 986 140 515 V - -
640 906 136 477 V - -
641 874 441 471 H - -
642 863 312 316 V - -
643 1089 386 392 H - -
644 963 215 266 H - -
645 875 188 539 V - -
646 931 295 532 V - -
647 1033 239 247 H - -
648 866 217 304 V - -
649 876 101 396 H - -
650 905 342 363 V - -
651 858 84 141 H - -
652 922 300 549 H - -
653 853 309 350 H - -
654 859 69 506 H - -
655 861 20 26 H - -
656 960 301 596 V - -
657 937 544 545 V - -
658 957 27 187 H - -
659 1088 127 320 H - -
660 1009 206 296 V - -
661 969 291 439 V - -
662 865 235 496 V - -
663 873 34 344 H - -
664 924 299 302 H - -
665 901 435 464 H - -
666 904 438 475 H - -
667 942 142 346 V - -
668 991 66 232 V - -
669 900 40 44 V - -
670 1015 46 307 H - -
671 860 382 500 V - -
672 883 76 419 V - -
673 905 497 499 H - -
674 872 401 592 V - -
675 923 150 163 V - -
676 909 58 361 H - -
677 914 449 466 H - -
678 918 78 488 H - -
679 1014 138 526 V - -
680 937 130 550 H - -
681 850 18 352 H - -
682 927 83 505 V - -
683 849 234 588 H - -
684 963 194 443 V - -
685 926 189 476 H - -
686 917 59 378 V - -
687 956 564 594 H - -
688 895 7 10 V - -
689 982 426 533 H - -
690 950 182 355 V - -
691 877 151 156 H - -
692 845 179 353 H - -
693 913 251 257 H - -
694 852 459 462 V - -
695 892 121 391 V - -
696 987 52 172 H - -
697 964 413 577 V - -
698 856 125 330 V - -
699 1021 253 380 V - -
700 971 96 224 H - -
701 938 416 586 H - -
702 912 126 186 V - -
703 864 51 308 V - -
704 955 333 368 V - -
705 946 531 598 V - -
706 936 21 154 V - -
707 934 198 287 V - -
708 953 185 487 H - -
709 1079 23 33 H - -
710 867 397 522 H - -
711 1027 347 371 H - -
712 928 260 479 H - -
713 993 399 400 H - -
714 903 70 122 H - -
715 839 111 593 H - -
716 955 230 576 V - -
717 841 155 503 V - -
718 840 258 36 H - -
719 978 384 415 V - -
720 943 103 390 H - -
721 925 262 303 V - -
722 914 275 461 H - -
723 891 108 109 H - -
724 881 65 248 V - -
725 943 418 511 V - -
726 843 71 512 H - -
727 921 49 48 V - -
728 836 283 451 V - -
729 910 430 13 V - -
730 968 94 557 H - -
731 945 236 62 V - -
732 948 29 374 H - -
733 959 9 203 H - -
734 915 527 556 H - -
735 985 184 351 V - -
736 908 398 417 V - -
737 1017 473 474 H - -
738 833 149 152 V - -
739 958 313 405 V - -
740 947 41 478 V - -
741 848 264 437 H - -
742 962 216 483 V - -
743 953 173 486 H - -
744 917 115 572 H - -
745 1042 273 456 H - -
746 838 77 325 V - -
747 1029 276 454 V - -
748 1000 25 168 V - -
749 1035 404 406 V - -
750 964 229 575 H - -
751 939 429 447 V - -
752 902 75 517 V - -
753 1065 61 377 V - -
754 935 3 537 V - -
755 959 6 425 H - -
756 949 110 591 V - -
757 1019 143 376 V - -
758 832 529 530 V - -
759 944 105 106 V - -
760 961 197 208 H - -
761 1001 68 410 V - -
762 912 319 35 V - -
763 932 408 581 V - -
764 857 99 104 H - -
765 941 269 433 H - -
766 934 263 424 V - -
767 951 223 322 V - -
768 907 30 493 V - -
769 954 434 446 H - -
770 854 237 238 H - -
771 952 508 582 V - -
772 842 558 563 H - -
773 945 334 504 H - -
774 1044 278 457 V - -
775 966 74 521 V - -
776 1122 147 365 H - -
777 1020 166 241 H - -
778 970 196 452 V - -
779 971 555 565 V - -
780 962 200 358 V - -
781 911 112 525 V - -
782 961 267 445 H - -
783 972 183 214 V - -
784 975 448 274 V - -
785 1005 284 209 H - -
786 975 270 453 V - -
787 1060 298 552 H - -
788 933 364 337 V - -
789 940 116 414 V - -
790 880 39 261 V - -
791 1063 204 442 V - -
792 1080 2 288 H - -
793 936 54 491 V - -
794 960 538 543 H - -
795 924 542 566 H - -
796 1048 199 482 V - -
797 909 490 32 V - -
798 844 134 201 V - -
799 958 421 514 H - -
800 927 331 80 H - -
801 967 162 372 V - -
802 1062 210 356 H - -
803 970 271 285 V - -
804 968 137 567 V - -
805 981 202 540 V - -
806 948 167 171 V - -
807 1041 370 55 V - -
808 954 277 458 H - -
809 972 17 428 H - -
810 999 207 8 H - -
811 884 467 465 V - -
812 994 135 422 V - -
813 950 212 211 H - -
814 965 5 192 V - -
815 930 102 590 V - -
816 855 292 293 V - -
817 982 193 535 H - -
818 977 468 470 V - -
819 1056 394 580 H - -
820 967 157 160 V - -
821 973 176 178 V - -
822 1068 244 373 H - -
823 956 546 595 V - -
824 1077 281 450 H - -
825 931 469 440 H - -
826 1069 559 562 V - -
827 882 243 245 V - -
828 969 4 297 H - -
829 973 177 354 H - -
830 1054 551 548 H - -
831 1000 242 492 V - -
832 1054 547 758 V - -
833 1011 165 738 H - -
834 1030 348 339 H - -
835 1020 161 623 H - -
836 1047 280 728 H - -
837 1022 50 501 V - -
838 1007 571 746 V - -
839 1016 561 715 H - -
840 1010 1 718 V - -
841 1027 343 717 H - -
842 1071 554 772 H - -
843 989 589 726 H - -
844 1048 423 798 V - -
845 1028 181 692 H - -
846 1086 88 387 V - -
847 1098 67 383 V - -
848 999 286 741 H - -
849 1101 47 683 H - -
850 1061 359 681 H - -
851 1021 87 620 V - -
852 1090 455 694 V - -
853 1087 484 653 V - -
854 1100 366 770 H - -
855 1049 597 816 V - -
856 1030 145 698 H - -
857 1045 220 764 V - -
858 1022 495 651 H - -
859 988 389 654 V - -
860 980 369 671 V - -
861 1023 360 655 H - -
862 991 64 231 V - -
863 986 327 642 V - -
864 1087 481 703 V - -
865 1036 317 662 H - -
866 1025 45 648 V - -
867 1035 518 710 H - -
868 996 306 638 H - -
869 983 249 614 H - -
870 1001 507 625 H - -
871 1034 42 622 H - -
872 1081 107 674 V - -
873 1076 31 663 V - -
874 1083 290 641 H - -
875 1008 472 645 V - -
876 1057 403 649 V - -
877 1041 158 691 H - -
878 1051 409 633 H - -
879 995 255 621 H - -
880 994 92 790 V - -
881 1024 375 724 H - -
882 1066 827 240 H - -
883 998 314 672 H - -
884 1012 463 811 V - -
885 1047 427 613 H - -
886 1003 119 606 H - -
887 1024 335 615 H - -
888 1031 326 604 V - -
889 1031 569 636 V - -
890 1023 28 602 H - -
891 1053 95 723 H - -
892 1046 227 695 H - -
893 1073 379 612 H - -
894 1006 502 600 V - -
895 1018 357 688 V - -
896 990 321 603 V - -
897 1040 252 513 H - -
898 1009 191 607 V - -
899 1026 53 605 V - -
900 1013 43 669 H - -
901 1037 11 665 H - -
902 984 628 752 V - -
903 1046 385 714 H - -
904 1017 205 666 H - -
905 1091 650 673 H - -
906 992 132 640 V - -
907 1079 349 768 H - -
908 1082 73 736 V - -
909 987 676 797 H - -
910 1002 609 729 V - -
911 1053 222 781 V - -
912 1103 702 762 V - -
913 1015 305 693 V - -
914 1042 677 722 V - -
915 1038 131 734 V - -
916 1065 608 616 V - -
917 1134 686 744 H - -
918 1064 362 678 H - -
919 985 617 632 H - -
920 1063 436 631 V - -
921 1094 727 624 H - -
922 1060 528 652 V - -
923 1070 148 675 H - -
924 1039 664 795 V - -
925 1043 635 721 H - -
926 1067 289 685 H - -
927 1019 800 682 V - -
928 1043 133 712 H - -
929 1028 175 629 H - -
930 1045 98 815 H - -
931 977 646 825 H - -
932 1085 584 763 H - -
933 1026 788 599 V - -
934 981 707 766 H - -
935 1049 129 754 H - -
936 1120 706 793 H - -
937 976 657 680 V - -
938 1085 626 701 H - -
939 1032 611 751 H - -
940 1102 619 789 V - -
941 1029 460 765 H - -
942 1004 667 630 V - -
943 1040 720 725 H - -
944 993 100 759 H - -
945 1072 731 773 H - -
946 1058 294 705 H - -
947 1034 634 740 V - -
948 1033 732 806 V - -
949 1117 225 756 V - -
950 1059 690 813 V - -
951 1078 91 767 H - -
952 1051 411 771 V - -
953 1061 708 743 V - -
954 1044 769 808 V - -
955 1050 704 716 H - -
956 1038 687 823 V - -
957 1025 570 658 H - -
958 979 739 799 H - -
959 1055 733 755 H - -
960 1067 656 794 H - -
961 1037 760 782 H - -
962 1108 742 780 V - -
963 1005 684 644 H - -
964 1036 697 750 V - -
965 1055 814 637 V - -
966 1056 393 775 H - -
967 1107 801 820 V - -
968 1039 730 804 V - -
969 1058 661 828 H - -
970 1032 803 778 H - -
971 1014 779 700 V - -
972 1052 783 809 V - -
973 1059 829 821 V - -
974 1057 395 610 H - -
975 1106 786 784 V - -
976 1095 553 937 H - -
977 1125 818 931 H - -
978 1111 63 719 H - -
979 1113 139 958 H - -
980 1074 381 860 H - -
981 1119 805 934 H - -
982 1110 817 689 V - -
983 1091 338 869 V - -
984 1102 117 902 H - -
985 1131 735 919 H - -
986 1094 639 863 H - -
987 1103 696 909 H - -
988 1075 583 859 V - -
989 1089 72 843 H - -
990 1096 113 896 V - -
991 1072 668 862 V - -
992 1126 128 906 V - -
993 1115 713 944 V - -
994 1124 812 880 V - -
995 1105 573 879 V - -
996 1127 256 868 V - -
997 1081 402 524 V - -
998 1086 420 883 V - -
999 1104 810 848 H - -
1000 1129 748 831 V - -
1001 1084 761 870 H - -
1002 1112 431 910 H - -
1003 1114 579 886 H - -
1004 1092 146 942 V - -
1005 1112 785 963 V - -
1006 1097 618 894 H - -
1007 1099 480 838 V - -
1008 1080 541 875 V - -
1009 1083 660 898 V - -
1010 1093 37 840 H - -
1011 1070 164 833 H - -
1012 1110 627 884 V - -
1013 1088 38 900 H - -
1014 1109 679 971 V - -
1015 1113 670 913 V - -
1016 1069 560 839 H - -
1017 1130 737 904 V - -
1018 1108 12 895 V - -
1019 1098 757 927 V - -
1020 1068 777 835 H - -
1021 1073 699 851 V - -
1022 1064 837 858 V - -
1023 1076 861 890 V - -
1024 1100 881 887 H - -
1025 1093 866 957 H - -
1026 1136 933 899 V - -
1027 1097 711 841 H - -
1028 1116 845 929 V - -
1029 1090 747 941 V - -
1030 1092 834 856 V - -
1031 1099 888 889 H - -
1032 1106 939 970 V - -
1033 1066 647 948 H - -
1034 1078 947 871 H - -
1035 1082 749 867 V - -
1036 1105 964 865 V - -
1037 1148 901 961 H - -
1038 1071 915 956 V - -
1039 1128 924 968 H - -
1040 1101 897 943 V - -
1041 1107 807 877 H - -
1042 1132 745 914 V - -
1043 1096 925 928 H - -
1044 1141 774 954 H - -
1045 1118 857 930 V - -
1046 1123 892 903 H - -
1047 1077 836 885 V - -
1048 1142 796 844 V - -
1049 1121 855 935 V - -
1050 1135 955 82 V - -
1051 1111 878 952 V - -
1052 1062 213 972 V - -
1053 1109 891 911 V - -
1054 1095 830 832 H - -
1055 1104 965 959 V - -
1056 1114 819 966 H - -
1057 1115 974 876 H - -
1058 1121 946 969 V - -
1059 1116 950 973 V - -
1060 1139 787 922 H - -
1061 1131 953 850 V - -
1062 1147 802 1052 V - -
1063 1119 920 791 V - -
1064 1136 918 1022 V - -
1065 1133 916 753 H - -
1066 1129 882 1033 H - -
1067 1126 960 926 H - -
1068 1146 822 1020 H - -
1069 1151 826 1016 H - -
1070 1146 923 1011 V - -
1071 1128 842 1038 H - -
1072 1153 945 991 H - -
1073 1134 893 1021 H - -
1074 1140 498 980 V - -
1075 1149 412 988 H - -
1076 1120 873 1023 V - -
1077 1144 824 1047 H - -
1078 1157 951 1034 H - -
1079 1154 709 907 V - -
1080 1161 792 1008 V - -
1081 1117 872 997 V - -
1082 1145 908 1035 V - -
1083 1130 874 1009 V - -
1084 1135 1001 601 V - -
1085 1171 932 938 H - -
1086 1138 846 998 V - -
1087 1143 853 864 V - -
1088 1158 659 1013 H - -
1089 1123 643 989 H - -
1090 1132 852 1029 H - -
1091 1133 905 983 V - -
1092 1156 1004 1030 H - -
1093 1142 1010 1025 V - -
1094 1150 921 986 H - -
1095 1139 976 1054 V - -
1096 1124 990 1043 V - -
1097 1140 1006 1027 H - -
1098 1152 847 1019 V - -
1099 1127 1007 1031 H - -
1100 1153 854 1024 V - -
1101 1137 849 1040 H - -
1102 1137 940 984 H - -
1103 1143 912 987 V - -
1104 1125 999 1055 V - -
1105 1174 1036 995 H - -
1106 1144 975 1032 H - -
1107 1122 967 1041 V - -
1108 1147 962 1018 V - -
1109 1118 1014 1053 H - -
1110 1141 982 1012 V - -
1111 1149 1051 978 H - -
1112 1148 1005 1002 V - -
1113 1138 979 1015 V - -
1114 1145 1003 1056 V - -
1115 1164 993 1057 V - -
1116 1155 1059 1028 H - -
1117 1164 949 1081 H - -
1118 1168 1045 1109 V - -
1119 1163 981 1063 V - -
1120 1154 936 1076 H - -
1121 1166 1058 1049 V - -
1122 1162 776 1107 H - -
1123 1160 1046 1089 V - -
1124 1157 994 1096 H - -
1125 1175 977 1104 V - -
1126 1161 992 1067 H - -
1127 1159 996 1099 V - -
1128 1151 1071 1039 V - -
1129 1167 1000 1066 H - -
1130 1163 1017 1083 V - -
1131 1155 1061 985 H - -
1132 1165 1042 1090 H - -
1133 1152 1065 1091 V - -
1134 1150 917 1073 V - -
1135 1172 1050 1084 V - -
1136 1156 1026 1064 V - -
1137 1160 1101 1102 H - -
1138 1173 1086 1113 H - -
1139 1166 1060 1095 V - -
1140 1169 1074 1097 H - -
1141 1179 1044 1110 H - -
1142 1158 1048 1093 H - -
1143 1159 1087 1103 H - -
1144 1165 1077 1106 V - -
1145 1181 1082 1114 V - -
1146 1162 1068 1070 H - -
1147 1170 1062 1108 H - -
1148 1170 1037 1112 H - -
1149 1172 1111 1075 V - -
1150 1174 1094 1134 H - -
1151 1168 1069 1128 V - -
1152 1169 1098 1133 H - -
1153 1182 1072 1100 H - -
1154 1178 1079 1120 H - -
1155 1180 1116 1131 H - -
1156 1178 1092 1136 V - -
1157 1173 1078 1124 H - -
1158 1176 1088 1142 H - -
1159 1176 1127 1143 V - -
1160 1171 1123 1137 H - -
1161 1177 1080 1126 V - -
1162 1167 1146 1122 V - -
1163 1175 1119 1130 H - -
1164 1181 1115 1117 V - -
1165 1179 1132 1144 H - -
1166 1177 1139 1121 V - -
1167 1190 1129 1162 V - -
1168 1185 1118 1151 V - -
1169 1182 1140 1152 H - -
1170 1189 1147 1148 V - -
1171 1183 1085 1160 V - -
1172 1188 1135 1149 H - -
1173 1185 1138 1157 H - -
1174 1183 1105 1150 H - -
1175 1184 1125 1163 H - -
1176 1180 1158 1159 V - -
1177 1184 1161 1166 V - -
1178 1187 1154 1156 V - -
1179 1189 1141 1165 V - -
1180 1187 1155 1176 H - -
1181 1186 1164 1145 V - -
1182 1190 1153 1169 V - -
1183 1188 1174 1171 H - -
1184 1191 1175 1177 H - -
1185 1186 1168 1173 H - -
1186 1193 1181 1185 H - -
1187 1192 1178 1180 H - -
1188 1193 1172 1183 H - -
1189 1191 1170 1179 V - -
1190 1192 1167 1182 H - -
1191 1195 1184 1189 V - -
1192 1194 1187 1190 H - -
1193 1194 1186 1188 V - -
1194 1195 1192 1193 H - -
1195 -1 1191 1194 V - -
