100.75
42.0
346.25
370.75
19.0
1566.5
54.0
86.0
797.5
17.75
972.5
50.0
382.75
23.75
18.5
124.0
1.5
118.5
234.25
35.0
27.75
24.25
276.5
30.0
19.0
45.0
52.0
15.0
271.25
27.5
29.0
18.25
12.25
24.5
337.25
1.0
27.75
9.75
25.0
14.5
246.75
347.5
664.25
23.0
17.25
28.0
14.0
13.25
215.5
64.25
113.0
37.0
182.5
178.0
222.0
108.0
11.25
238.75
239.5
34.5
56.5
24.75
10.75
1.0
7.5
31.75
802.0
32.25
16.75
108.25
293.0
21.0
369.5
21.5
26.0
330.5
621.25
115.5
43.0
7.25
45.25
254.5
21.75
11.5
358.75
9.0
31.75
13.5
18.5
41.0
21.5
3.25
8.75
26.5
3.75
20.75
16.0
0
9.5
642.5
1.25
45.75
43.75
12.0
6.25
28.75
40.5
202.25
13.25
11.25
249.25
32.25
3.75
18.0
9.5
8.5
108.0
34.75
20.75
0.75
310.75
21.0
17.75
11.5
102.0
16.25
11.5
16.0
58.25
8.25
7.0
8.75
56.5
61.75
49.0
32.5
201.0
37.75
70.75
67.25
4.0
32.75
100.75
198.5
31.5
7.0
8.0
6.0
40.75
30.75
9.5
2.5
9.5
11.5
3.5
4.25
5.75
15.75
24.0
64.25
7.25
6.25
15.0
19.0
9.25
9.75
9.75
62.75
12.0
17.75
76.25
29.5
17.75
12.0
47.75
22.25
3.25
55.75
16.5
11.25
3.75
8.0
17.0
0
4.5
0
9.0
14.5
8.5
9.75
15.75
1.5
26.75
12.5
2.25
10.0
23.0
5.75
15.25
310.25
310.25
3.5
1.5
0.25
14.75
10.0
4.0
38.25
18.0
25.5
90.0
2.5
0
12.0
5.75
20.5
11.25
3.5
5.75
44.75
10.75
113.0
7.0
18.25
44.75
9.25
3.0
0.25
16.75
7.0
21.75
39.0
5.75
1.75
17.25
1.5
8.5
65.75
43.25
35.5
4.25
10.25
103.75
65.75
8.5
1.5
11.5
11.75
11.75
38.0
11.0
11.0
5.0
5.75
3.0
16.0
18.25
10.5
2.25
2.75
10.25
17.0
14.75
11.25
6.75
12.25
18.25
47.0
12.25
10.75
12.25
31.5
5.0
0
2.25
1.75
11.25
5.5
2.0
12.5
13.5
9.5
27.5
3.5
1.0
5.5
11.25
2.0
2.25
1.75
39.75
10.75
4.5
5.25
2.5
0
4.0
10.0
10.25
6.25
5.0
0.5
15.25
7.75
23.0
17.75
12.75
0
1.75
4.5
5.75
7.25
14.75
3.75
81.75
105.75
2.5
4.25
7.75
6.75
6.0
2.0
3.25
0.5
5.25
26.75
3.5
1.0
15.5
26.5
88.5
9.75
10.75
3.25
17.5
18.5
7.5
18.5
6.75
1.25
16.75
0.75
7.25
5.75
5.25
7.5
64.75
6.0
24.75
1.25
6.0
64.75
7.5
0
5.0
4.0
1.25
19.0
17.5
7.0
0
0
3.0
12.5
8.5
11.0
3.0
2.5
6.25
5.0
6.25
8.25
48.5
3.25
16.25
5.75
131.75
36.5
27.0
1.25
5.75
0
10.0
6.5
4.0
1.25
20.5
4.25
2.25
0
20.0
0
18.5
6.0
16.0
8.75
4.75
5.75
18.25
31.25
10.5
5.75
18.25
10.25
7.75
5.0
10.75
0.25
21.75
0.5
6.25
0.25
0.75
1.25
7.0
2.25
11.5
11.5
9.0
12.75
10.25
1.75
11.5
3.75
11.5
2.25
3.75
0
9.0
16.25
11.0
3.25
1.25
7.25
5.75
16.25
2.25
60.25
25.0
6.25
6.25
3.0
35.0
7.0
5.0
36.0
0.25
0
2.5
1.25
7.0
4.0
35.0
38.5
4.0
4.75
4.25
0.75
11.0
4.75
1.25
3.0
0
0.25
12.5
0.25
5.75
7.25
6.0
9.0
7.25
12.5
7.0
0.25
0.25
5.75
5.5
0
6.0
5.5
1.0
14.0
4.0
0
2.5
1.25
0.25
76.25
1.75
9.75
3.75
1.0
1.25
2.5
26.75
26.5
5.5
9.75
9.75
6.0
0
9.0
9.25
1.25
3.5
1.75
5.5
5.75
5.5
0
8.5
11.25
10.5
16.25
3.0
4.75
11.5
2.0
8.25
1.25
6.0
61.25
20.5
15.0
3.5
1.75
5.75
0
5.75
4.75
2.75
20.75
7.75
2.5
1.25
1.5
7.25
1.25
17.5
1.0
0.75
0
5.5
7.5
4.0
3.25
3.25
2.75
1.5
10.0
0
6.5
5.25
2.75
2.25
15.5
14.25
0
2.75
3.75
5.75
0.25
8.25
5.75
1.25
4.75
1.25
11.75
32.25
4.0
3.0
17.25
3.0
5.75
0
3.75
20.5
2.5
10.0
11.0
3.75
1.0
2.75
21.25
1.0
1.75
7.0
4.75
12.0
19.75
4.75
20.5
7.25
0.75
1.0
12.0
19.75
3.5
0
16.0
0
3.5
12.25
4.5
5.25
7.75
0.25
0
1.5
5.5
1.25
3.0
2.75
0.25
6.5
0.25
4.75
6.5
4.5
2.0
1.25
0.25
0
7.5
5.0
2.25
2.0
46.75
23.5
0
20.0
54.0
1.25
1.0
2.25
7.25
3.5
3.0
6.5
14.25
5.25
4.0
0
1.75
6.5
0.5
6.0
3.75
1.75
4.75
4.0
21.25
4.75
3.75
0.5
46.75
5.25
1.75
20.5
4.75
6.25
2.25
1.75
1.25
3.75
6.0
0.5
6.5
7.0
13.5
9.5
3.75
2.25
5.75
22.25
10.75
1.75
2.25
6.75
1.0
9.0
3.0
1.5
5.25
10.0
6.25
2.75
0.5
2.5
3.0
0.5
19.75
2.25
0
5.5
1.75
3.0
18.75
0.75
5.25
5.75
1.75
2.75
0
0
0.75
1.5
0
1.5
6.0
0.75
3.5
4.5
2.0
2.75
14.0
3.0
0
0.25
0
8.25
0.75
13.25
0.5
0
4.5
1.0
10.25
1.25
2.5
6.0
27.5
6.0
9.25
11.5
0
0
11.25
1.5
1.75
9.25
0.5
24.0
0
0.5
0
2.0
2.5
9.5
4.25
1.25
0
9.5
1.0
0.5
2.5
24.0
2.0
3.0
4.25
5.25
2.5
1.75
0.25
0.75
6.5
22.0
2.5
5.75
2.75
2.25
0
16.75
10.0
8.75
3.75
0.5
12.5
8.25
22.0
0
0
6.0
11.5
9.25
6.0
3.5
8.75
9.0
4.75
0
7.75
1.75
5.75
3.25
0.25
9.0
4.75
6.5
0
2.75
1.75
2.5
3.0
4.25
2.5
1.0
5.75
3.5
2.5
5.75
0
0.75
5.75
0.25
4.25
12.75
16.0
9.75
1.0
6.5
2.0
3.75
10.25
4.75
3.5
1.5
1.75
10.25
7.5
4.0
24.25
3.25
10.25
2.25
0.25
2.5
5.5
6.25
6.25
4.0
19.5
0
4.25
0.75
14.0
9.25
0
20.0
0.25
1.5
4.75
4.5
1.25
2.0
0
0.75
2.5
0
1.75
1.5
0.25
0
0
8.0
1.0
0.25
1.0
2.25
5.25
0.5
5.0
7.5
3.0
1.0
0
18.5
1.75
2.25
6.0
3.25
4.75
19.25
13.5
0
0.75
1.75
18.5
4.0
5.25
5.75
5.0
6.5
3.25
5.25
1.0
4.0
7.75
0.5
3.0
4.25
0
9.25
0.5
3.25
2.75
1.0
8.25
44.75
4.25
0
3.0
3.5
1.75
8.0
0.75
1.25
1.75
0.5
1.75
0
0.5
3.25
0.75
8.0
1.75
0
3.0
4.25
1.25
13.5
0
2.25
5.5
6.5
4.5
9.5
5.0
1.25
47.25
1.25
6.75
4.0
26.5
0.5
4.5
8.25
3.0
4.25
0.5
0.5
2.25
10.0
3.75
5.75
3.25
6.0
3.25
0.25
0.5
6.5
4.5
6.5
9.5
3.75
0.5
5.0
3.75
10.0
5.75
83.5
3.25
1.75
9.0
7.0
3.5
4.75
1.5
1.75
6.5
0.75
3.0
2.25
4.25
0.5
6.0
5.25
83.5
1.75
6.75
2.0
0
2.5
3.25
20.0
4.75
0.25
4.5
2.0
0
