sanand0: [295, 45, 83, 140, 27.38842071665762]
thejeshgn: [261, 50, 25, 50, 572.3262563597714]
captn3m0: [259, 81, 141, 707, 1090.4318209913786]
jayrambhia: [254, 48, 541, 462, 932.8931524430454]
jace: [235, 11, 5, 30, 319.2656178778746]
sameersbn: [234, 30, 814, 2773, 71.49352421898634]
kracekumar: [224, 73, 75, 152, 1996.3348068326893]
revathskumar: [195, 58, 46, 120, 379.55834753750736]
sudar: [189, 75, 516, 1314, 1121.053798066773]
sachingupta006: [174, 6, 23, 21, 352.66414927816095]
HashNuke: [157, 76, 314, 1873, 282.7610867873431]
tkmagesh: [148, 223, 169, 26, 3770.2040274041315]
shashankmehta: [147, 10, 163, 683, 3.077041642727013]
vivekp: [140, 15, 24, 28, 104.81838491706753]
sayanchowdhury: [140, 25, 28, 14, 1578.9833513360581]
threepointone: [139, 50, 21, 230, 656.3650241637315]
ViralBShah: [134, 1, 3, 1, 0]
shashi: [127, 39, 48, 199, 235.99712077990702]
ajinabraham: [126, 26, 189, 381, 673.9273279359592]
jaseemabid: [122, 30, 31, 40, 1272.4927189269529]
kaiwren: [112, 29, 6, 38, 306.75281855517824]
raichur: [108, 74, 6, 9, 0]
satya164: [101, 19, 76, 511, 28.82062573837691]
boopathi: [101, 48, 15, 29, 1059.0584804221855]
rtnpro: [93, 26, 24, 30, 1749.4046898496103]
baijum: [92, 46, 130, 237, 3962.187143154734]
becomingGuru: [91, 46, 18, 72, 1626.3197297788156]
vatrai: [92, 13, 17, 15, 201.10612522067822]
arjun024: [92, 27, 119, 472, 430.90676019934284]
1hakr: [84, 3, 19, 42, 0]
jishnu7: [80, 24, 16, 38, 30.651868558301246]
karthikb351: [78, 13, 21, 20, 25.39633493874951]
viggyprabhu: [80, 17, 14, 10, 399.5474222250724]
tapasweni-pathak: [76, 40, 24, 18, 4.254320865115005]
harish-io: [71, 5, 149, 596, 875.3359598117814]
sindhus: [74, 2, 0, 1, 64.18721561776863]
regunathb: [69, 2, 41, 35, 0]
prateekdayal: [68, 14, 1, 12, 108.68190650944292]
malli3131: [68, 11, 45, 22, 271.8091312916068]
SathyaBhat: [66, 20, 0, 19, 195.78563052180874]
curioustechizen: [65, 20, 62, 450, 725.094632271461]
anupcowkur: [63, 7, 178, 609, 7.016236285158012]
sachinchoolur: [63, 5, 384, 1157, 0.0]
sandeepraju: [61, 25, 13, 27, 1216.355695981591]
akshaydixi: [59, 30, 9, 16, 305.3803239117729]
webtunings: [59, 15, 30, 34, 0]
MrDHat: [58, 17, 11, 14, 85.92128976540442]
kaustavdm: [56, 16, 11, 13, 109.3930750445079]
bennojoy: [54, 33, 301, 268, 228.69695435648578]
skyronic: [52, 16, 17, 113, 151.7046108671503]
ravidsrk: [52, 20, 30, 201, 2037.0512438678497]
arkokoley: [52, 12, 16, 60, 44.859203793393675]
sreeix: [50, 32, 48, 325, 495.4586186552926]
t3rm1n4l: [51, 44, 72, 300, 1267.019606741757]
dhruvasagar: [48, 22, 38, 418, 1191.215459800342]
sandipransing: [49, 28, 30, 187, 480.4581602075609]
suprgyabhushan: [53, 10, 1, 17, 0]
s-yadav: [49, 16, 135, 412, 0]
santoshrajan: [48, 10, 55, 455, 2.154434690031884]
emaadmanzoor: [48, 27, 21, 45, 111.63816101872979]
aravindavk: [47, 36, 38, 77, 611.8325734080403]
sanketsaurav: [48, 19, 17, 32, 2949.6927611979104]
deepak: [46, 23, 4, 8, 436.35446136984575]
OpenAndroidGit: [46, 3, 1, 0, 15033.743663311508]
Praseetha-KR: [44, 27, 1, 1, 82.9352570063012]
sathyamvellal: [44, 29, 4, 47, 50.37955659185476]
bitshadow: [45, 20, 156, 1523, 47.675812825830576]
bhimsen92: [43, 14, 19, 48, 5096.141283204821]
phalgun: [43, 16, 13, 19, 10.190642714677619]
dhilipsiva: [42, 22, 28, 194, 0]
kumarshantanu: [41, 39, 43, 551, 70.84437342166174]
justjkk: [41, 15, 11, 29, 190.2853487323793]
vinaysshenoy: [43, 13, 96, 696, 2500.110387044157]
shashankkumar: [40, 3, 13, 35, 331.5422449786753]
abhisek: [40, 8, 14, 41, 77.84485928511587]
atmb4u: [40, 11, 57, 630, 594.8768220635886]
satyan: [41, 14, 283, 1116, 112.48977684880305]
semk: [40, 25, 76, 182, 573.8744007856866]
vu3rdd: [39, 19, 16, 70, 4.308869380063767]
jonmaim: [39, 7, 2, 10, 548.0424683699003]
irfn: [38, 21, 18, 72, 496.10171553159]
coomar2841: [38, 10, 155, 437, 876.1664360534994]
MiteshShah: [38, 7, 16, 32, 228.70190761730473]
Karthic-Hackintosh: [38, 28, 12, 3, 168.84151520220308]
kidoman: [37, 24, 82, 667, 737.9861092419135]
pythonhacker: [37, 9, 3, 13, 107.03085220444066]
Tachyon: [36, 9, 24, 47, 1.5874010519681994]
indradhanush: [35, 13, 11, 15, 138.61787000730243]
anantshri: [35, 27, 25, 100, 5992.76315510756]
deobald: [35, 14, 16, 67, 53.94721200704869]
kertz: [36, 6, 8, 36, 85.05900761861552]
praveenr019: [35, 3, 0, 5, 278.44824488998665]
sanandnarayan: [35, 15, 6, 7, 74.88855416797996]
Who828: [34, 24, 18, 32, 177.60459731853325]
niteshjain: [32, 7, 2, 3, 362.04272308718447]
shadowfax92: [33, 32, 19, 16, 500.1835921963116]
vijeshm: [33, 21, 15, 14, 427.94569146443854]
sp2hari: [33, 0, 0, 0, 0]
vigneshshanmugam: [34, 21, 2, 8, 141.99234493368834]
sripathikrishnan: [34, 5, 161, 1210, 16.50474305027886]
pajju: [32, 8, 0, 1, 11509.231075887541]
ankurs: [32, 19, 30, 67, 72.63218376159072]
gja: [31, 32, 16, 65, 271.6395081633821]
dapurv5: [31, 19, 7, 11, 899.71883602545]
navaneeth: [31, 11, 7, 4, 88.04169347834139]
sahildua2305: [34, 49, 19, 26, 687.1574813631787]
aishraj: [31, 29, 8, 79, 1648.5173438250902]
zeusdeux: [31, 37, 68, 354, 479.9532758774191]
rashoodkhan: [30, 29, 16, 4, 1659.0693924239017]
pnhegde: [30, 12, 3, 15, 33.54365336443083]
write2munish: [30, 4, 205, 399, 1.5874010519681994]
deepakkarki: [30, 25, 20, 43, 142.80609063647864]
dytrivedi: [29, 5, 4, 3, 6.952053289772898]
abhishekdelta: [29, 12, 14, 23, 45.19516366009054]
prometheansacrifice: [28, 17, 9, 6, 430.34977079835403]
nitheeshkl: [28, 8, 2, 12, 19.434141177878264]
hsharma: [28, 1, 107, 162, 77.9231498401026]
SkyKOG: [28, 36, 46, 29, 1089.1548160503232]
sids: [28, 7, 4, 36, 113.6192496249391]
Jibigopi: [29, 3, 0, 0, 420.3203447109503]
ananthakumaran: [28, 27, 86, 571, 243.7984202240031]
saurabhsood91: [28, 27, 15, 21, 45.32567542943493]
swaroopsm: [28, 29, 6, 18, 53.77606005930847]
kitallis: [27, 17, 3, 13, 216.36745795352763]
pranayairan: [29, 9, 232, 85, 37.078421216340544]
schatten: [28, 17, 12, 18, 211.33656667746658]
jainbasil: [27, 7, 9, 15, 35.61175146786803]
vijaym123: [27, 28, 6, 15, 3093.1167034161435]
rohit01: [27, 26, 24, 93, 93.26705473286627]
rgksugan: [27, 17, 6, 5, 421.97237859570254]
bharadwaj6: [28, 21, 3, 2, 279.69194203770184]
nachivpn: [27, 19, 6, 6, 40.99949750385697]
nishanil: [28, 28, 61, 69, 763.1391721487267]
tanmaykm: [28, 31, 53, 87, 170.80561194949055]
petmongrels: [26, 11, 17, 84, 26.304545941618702]
gokulkrishh: [26, 44, 5, 54, 374.32854282685]
paramaggarwal: [28, 47, 92, 421, 141.63977986311548]
rishabhsrao: [26, 56, 13, 41, 323.43985395531973]
jijeshmohan: [25, 28, 30, 113, 75.83952675353987]
pocha: [25, 22, 34, 106, 203.64253620799255]
aruprakshit: [26, 14, 2, 0, 852.5026786701562]
srijanshetty: [24, 94, 23, 35, 763.8848425793725]
rkjha: [24, 9, 150, 122, 164.99797383477025]
Gigacore: [24, 9, 17, 384, 0]
akumrao: [24, 5, 47, 37, 0]
abhi12ravi: [23, 13, 7, 4, 390.47419889854984]
jargnar: [24, 11, 5, 8, 0]
KarthikNayak: [25, 6, 13, 3, 228.8342785722685]
dilawar: [24, 58, 31, 37, 240.4380657743704]
rShetty: [24, 44, 7, 36, 106.36180457688819]
buzypi: [22, 7, 4, 14, 91.57475116363335]
shijiltv: [22, 3, 7, 0, 0]
amitchhajer: [23, 12, 2, 12, 0]
jaisonjustus: [23, 23, 1, 11, 94.55754523061809]
aakashbapna: [23, 4, 4, 3, 10.446439268223186]
codepodu: [23, 13, 0, 2, 4.308869380063767]
adityapunjani: [23, 8, 1, 7, 0]
BadrinathKulkarni: [23, 9, 14, 20, 0]
none-da: [23, 26, 21, 25, 26.17437036799616]
ashokslsk: [23, 66, 17, 91, 220.70914893828848]
rampr: [21, 5, 4, 11, 0]
iffyuva: [22, 5, 0, 10, 0]
abhijith: [22, 17, 7, 18, 0]
GeneralMaximus: [22, 13, 9, 27, 0]
dash-rai: [23, 15, 6, 8, 0]
avinasha: [21, 11, 6, 11, 0]
foradian: [22, 8, 5, 13, 0]
asengupta: [21, 24, 26, 100, 0]
shaan7: [21, 14, 6, 14, 0]
jebu: [21, 8, 3, 30, 0]
jyotiska: [21, 15, 18, 136, 0.0]
shadyabhi: [21, 26, 14, 39, 0]
jebu: [21, 8, 3, 30, 296.4523681116111]
shaan7: [21, 14, 6, 14, 111.03681642880767]
adnaan: [21, 14, 5, 87, 0]
amitmurthy: [23, 8, 27, 27, 0]
abhiranjankumar00: [21, 8, 3, 1, 0]
yashprit: [24, 97, 8, 65, 8.942014036741272]
the100rabh: [20, 7, 13, 23, 24.034211259011308]
tachyons: [21, 15, 10, 11, 13.986381314361735]
upman: [21, 8, 5, 1, 29.530467421382713]
isaacjohnwesley: [20, 3, 19, 5, 3.0365889718756622]
sriksun: [19, 3, 15, 25, 0]
himanshudas: [19, 0, 0, 0, 0]
neerajgangwar: [19, 10, 2, 3, 0]
avpatel: [19, 0, 0, 0, 0]
sushant94: [20, 14, 14, 4, 0]
vireshas: [19, 30, 16, 13, 13.358840063278748]
p6: [19, 12, 2, 10, 24.261039363894152]
donatello: [19, 8, 7, 12, 4.308869380063767]
ekta1007: [18, 17, 10, 18, 8.531600939554695]
rajanand: [17, 6, 0, 0, 0.0]
abhin4v: [18, 17, 2, 44, 0]
VineetReynolds: [18, 24, 7, 10, 62.571715013169715]
ivabz: [18, 6, 1, 1, 562.4010331690725]
selvan: [18, 20, 1, 10, 4.121285299808556]
pushkar8723: [18, 2, 30, 31, 0]
ssrihari: [18, 14, 1, 4, 0.0]
vividvilla: [17, 14, 27, 10, 237.98749434090345]
krishnasrinivas: [18, 10, 62, 590, 0]
krishnasrinivas: [18, 10, 62, 590, 99.48694614311938]
speedbot: [17, 7, 7, 0, 0]
abinashpanda: [17, 6, 0, 0, 0]
iHacketh: [17, 1, 0, 0, 0]
HarshEvilGeek: [17, 20, 11, 14, 0]
sgaurav: [17, 12, 1, 14, 2240.1002920059636]
thiruk: [17, 11, 1, 2, 0]
theanalyst: [17, 34, 17, 52, 8.07226197720059]
codeanu: [17, 13, 19, 20, 49.86174596904849]
ChillarAnand: [17, 49, 15, 21, 4.379519139887889]
abhiomkar: [18, 26, 48, 146, 69.4514955803254]
ofpiyush: [17, 2, 2, 3, 0]
robinpatpatia: [16, 0, 0, 0, 0]
mayankk4: [16, 20, 2, 13, 0]
sameersegal: [16, 5, 10, 4, 0]
pratikone: [16, 17, 11, 27, 678.8256894815345]
srinathgs: [16, 15, 6, 12, 22.701886806493842]
ranjan: [16, 10, 0, 2, 0]
phaneesh: [16, 6, 3, 7, 0]
alseambusher: [16, 38, 26, 59, 0]
SahilC: [16, 24, 5, 7, 19.44744023181814]
sairam: [16, 14, 54, 192, 0.0]
jithugopal: [16, 8, 2, 9, 0]
NOLFXceptMe: [17, 11, 15, 24, 3.9148676411688634]
alseambusher: [16, 38, 26, 59, 3.634241185664279]
dbalan: [16, 15, 2, 10, 17.2163806449515]
abhinavlal: [16, 5, 1, 3, 0]
makash: [17, 3, 1, 0, 70.89331328682458]
nightfox: [16, 19, 8, 20, 3.9148676411688634]
kumarharsh: [17, 11, 3, 7, 0]
SwathiMystery: [16, 14, 8, 33, 66.56208045611231]
sandeepravi: [16, 12, 16, 64, 8.962809493114328]
Charizard: [15, 13, 4, 3, 0]
kcomkar: [15, 12, 0, 6, 502.6259642106414]
sunilnandihalli: [15, 23, 2, 22, 0]
vermapratyush: [15, 2, 2, 1, 0]
rdsoze: [15, 11, 3, 10, 73.2398071884274]
kra3: [15, 17, 32, 108, 615.4162770961282]
tvganesh: [15, 65, 52, 28, 79.67637374985858]
ciju: [15, 15, 7, 60, 0]
ganeshkumar: [15, 9, 0, 4, 9.550058934424277]
rudimk: [15, 41, 4, 12, 17.65594899371041]
arnab: [15, 28, 33, 180, 1107.4966462325845]
kra3: [15, 17, 32, 108, 1586.8581465005914]
rdsoze: [15, 11, 3, 10, 527.4257847030366]
vermapratyush: [15, 2, 2, 1, 96.1922356845144]
arvindkhadri: [15, 13, 7, 13, 13.916165654610069]
samarpanda: [16, 30, 2, 8, 14.161362564412634]
abhishek77in: [15, 8, 5, 17, 0]
naughtydavid: [15, 32, 18, 51, 0]
electronut: [16, 18, 5, 12, 0]
r4um: [15, 11, 4, 16, 0]
arunasank: [17, 11, 3, 3, 12.30243539727259]
bhargavpanth: [16, 18, 3, 1, 76.7098463627729]
narenana: [14, 5, 3, 2, 22.42692340908199]
sivaa: [14, 20, 15, 15, 0]
atrniv: [14, 4, 15, 27, 7.1725809000887955]
pkuhad: [14, 13, 3, 13, 0]
anups: [14, 3, 0, 3, 0]
cksachdev: [14, 6, 1, 2, 0]
piyushroshan: [14, 23, 12, 4, 17.008069986292764]
itspanzi: [14, 11, 3, 28, 0]
gkamal: [14, 17, 16, 13, 508.1088820351089]
pahnin: [14, 13, 4, 14, 0]
AmeenAhmed: [14, 6, 3, 9, 0]
touchaddict: [14, 5, 4, 20, 18.852036310209858]
atrniv: [14, 4, 15, 27, 460.7840690455393]
tacticiankerala: [13, 22, 22, 72, 76.57603028193931]
mariostallone: [14, 16, 3, 15, 14.473594431805008]
arcolife: [14, 21, 4, 9, 76.37926799227567]
touchaddict: [14, 5, 4, 20, 487.98154969145423]
timothyandrew: [14, 52, 1, 37, 86.28306689140857]
sreeram-boyapati: [14, 14, 0, 3, 0]
jagadishsinghr: [13, 0, 0, 0, 0]
jashwanth9: [13, 5, 0, 2, 0]
leenasn: [14, 4, 1, 1, 0]
febycv: [13, 8, 3, 17, 12.94254725392073]
RahulRavindren: [13, 10, 3, 5, 0]
VastoLorde95: [12, 2, 2, 2, 0]
aarvay: [13, 12, 2, 18, 0]
jeslyvarghese: [13, 21, 11, 11, 0]
kumaranvram: [13, 14, 4, 10, 0]
vivekchand: [13, 18, 8, 42, 2362.2256057564446]
heartz: [14, 7, 2, 3, 0]
akshayms: [13, 2, 0, 1, 1.2599210498948732]
RahulRavindren: [13, 10, 3, 5, 162.81017259687565]
febycv: [13, 8, 3, 17, 2071.4537776576394]
VastoLorde95: [12, 2, 2, 2, 2.8844991406148166]
jashwanth9: [13, 5, 0, 2, 239.26138803831225]
leenasn: [14, 4, 1, 1, 91.612185290315]
tk120404: [13, 17, 18, 62, 19.833099209329408]
diadara: [13, 38, 3, 1, 33.230131421925755]
kbhat95: [13, 6, 6, 3, 0]
prashanthpai: [13, 10, 7, 2, 0]
Jaiswal-ruhil: [14, 6, 4, 0, 15.058160510026298]
shalinmangar: [13, 0, 0, 0, 0]
mahinthjoe: [12, 15, 1, 0, 0]
czardoz: [13, 21, 3, 8, 67.50798259503041]
samaitra: [13, 17, 6, 9, 0]
vbellur: [13, 7, 4, 7, 0]
srininara: [12, 9, 1, 5, 0]
vivekrp: [12, 3, 0, 1, 277.6586450444458]
saju: [12, 5, 12, 22, 0]
rahulp0491: [12, 13, 6, 6, 0]
mantishK: [12, 8, 4, 40, 0]
mitijain123: [12, 20, 5, 23, 85.52979365905038]
rags: [12, 9, 14, 14, 0]
zainabbawa: [12, 0, 0, 0, 0]
augiwan: [12, 3, 0, 2, 310.69561747011215]
nibin: [12, 7, 2, 5, 0]
chiragchamoli: [12, 12, 3, 4, 269.8553408905268]
geekgugi: [13, 16, 5, 4, 138.05113882039413]
suhailsherif: [12, 9, 14, 18, 0]
mayank-io: [13, 4, 1, 5, 3.4199518933533937]
mithunsatheesh: [12, 16, 23, 146, 0]
dpnishant: [12, 6, 39, 190, 0]
abhas: [12, 3, 1, 3, 0]
sudarshan89: [12, 9, 4, 2, 0]
ramaseshan: [12, 21, 8, 1, 375.3172699270347]
meetumaltiar: [12, 8, 3, 8, 0]
sumanmukherjee03: [12, 13, 1, 5, 0]
ramkashyap17: [12, 6, 0, 1, 0]
farhaanbukhsh: [13, 10, 3, 1, 85.68879552491867]
p00j4: [13, 2, 0, 0, 0]
anandhak: [12, 3, 2, 8, 29.422703626090026]
vamsee: [11, 9, 59, 20, 26.682143793235667]
OmShiv: [12, 9, 1, 2, 0]
adityapooniya: [13, 4, 0, 0, 192.74264603741477]
triveous: [13, 25, 2, 19, 802.6268745510782]
vamshi4001: [12, 18, 22, 33, 0]
anagri: [12, 55, 84, 108, 8.203131859404694]
sentenwin: [13, 27, 9, 2, 0]
lokeshguddu: [12, 34, 3, 8, 562.650768790724]
farhaanbukhsh: [13, 10, 3, 1, 372.7778996720414]
gvenkat: [13, 24, 6, 20, 0]
elssar: [12, 13, 13, 24, 21.57775529983315]
syedshahul: [11, 24, 4, 1, 21.39392496495745]
vishaltelangre: [14, 15, 6, 34, 0]
arpith20: [12, 15, 6, 3, 37.437405270998894]
shashankmc: [10, 5, 0, 0, 0]
sbose78: [11, 27, 6, 17, 0]
Naren88: [11, 1, 2, 0, 0]
srikiraju: [12, 8, 1, 10, 45.8571497891952]
SkyRocknRoll: [11, 16, 1, 3, 12.39430886948225]
cpraveen: [13, 9, 9, 4, 0]
pulakb: [11, 12, 2, 8, 0]
moinakg: [10, 3, 16, 120, 0]
manti: [12, 8, 0, 8, 0.0]
karasatishkumar: [11, 29, 37, 17, 4.198336453808407]
bhargav3: [11, 5, 0, 0, 0.0]
manti: [12, 8, 0, 8, 277.1615879357771]
moinakg: [10, 3, 16, 120, 119.87987979959908]
pulakb: [11, 12, 2, 8, 184.42171734591895]
neenaoffline: [11, 0, 0, 0, 0]
ArunRamachandran: [11, 20, 0, 0, 211.70744028900546]
jaisanth: [11, 6, 2, 4, 20.330320900816705]
bhargav3: [11, 5, 0, 0, 4.876998961073313]
CodeMangler: [11, 29, 1, 23, 0]
janmejay: [10, 9, 13, 24, 4.5788569702133275]
pradeepbv: [11, 10, 0, 9, 22.42692340908199]
akshay3004: [11, 0, 0, 0, 0]
neenaoffline: [11, 0, 0, 0, 0.0]
chintak: [11, 7, 1, 2, 224.38809872242234]
raghothams: [11, 20, 13, 9, 0]
kjaikeerthi: [11, 13, 1, 10, 14.281708400616438]
iamsudip: [11, 12, 20, 6, 0]
zabil: [11, 8, 0, 2, 0.0]
ahmedshabib: [11, 7, 1, 1, 0.0]
sajuptpm: [11, 19, 0, 3, 2.2894284851066637]
codeon: [11, 10, 0, 5, 41.55540092066381]
sajuptpm: [11, 19, 0, 3, 314.5091148277828]
jobiaj: [11, 33, 0, 1, 0]
jintoppy: [12, 31, 46, 60, 95.56574696500392]
pranildasika: [10, 2, 3, 4, 0]
shankerbalan: [10, 3, 18, 23, 0]
ritsz: [10, 10, 5, 4, 13.873001091798342]
abhirama: [10, 18, 333, 88, 0]
niyazpk: [10, 22, 15, 54, 0]
inders: [10, 18, 14, 38, 0]
akashdevaraju: [10, 4, 1, 0, 0]
ritsz: [10, 10, 5, 4, 118.07997918827705]
vaibhav-kaushal: [10, 0, 0, 0, 0]
vignesh-iopex: [10, 5, 8, 13, 0]
Navgeet: [10, 16, 2, 4, 0]
soorajb: [10, 7, 1, 4, 0]
akashdevaraju: [10, 4, 1, 0, 65.73590242463254]
suhastech: [10, 7, 5, 37, 0]
mankuthimma: [10, 10, 1, 3, 64.16081877560462]
krhebbar: [10, 7, 0, 1, 179.18697011046373]
harinath: [10, 0, 0, 0, 0]
vamshireddy: [10, 38, 18, 12, 0]
sanketsahusoft: [11, 0, 0, 0, 0]
mayanks: [10, 10, 4, 31, 0]
winash: [10, 4, 2, 9, 8.273500133394531]
varunbpatil: [10, 13, 12, 20, 0]
ask4prasath: [10, 14, 3, 9, 0]
xgt001: [10, 9, 4, 3, 8.396672907616814]
ecthiender: [10, 11, 2, 5, 44.517016447213805]
master-atul: [10, 16, 14, 23, 0]
prabindh: [10, 19, 37, 35, 993.5903324151301]
techaddict: [10, 12, 4, 13, 0]
ecthiender: [10, 11, 2, 5, 935.8995768561404]
master-atul: [10, 16, 14, 23, 121.44737965376424]
ashwch: [10, 15, 12, 7, 0]
subh007: [10, 16, 4, 6, 0]
sunilkumarc: [10, 13, 1, 3, 0]
rnjn: [10, 14, 7, 11, 0]
rajatpradhan1: [10, 1, 0, 0, 0]
srameshr: [10, 6, 15, 35, 29.52587980791424]
Princetambar: [9, 2, 0, 0, 0]
JayeshP: [9, 7, 4, 7, 0]
raghufsmk: [8, 1, 0, 0, 0]
cloud9computing: [9, 1, 0, 1, 0]
bhashkarsharma: [9, 4, 1, 0, 0]
codeshepherd: [8, 8, 0, 10, 0]
mdaliejaz: [9, 8, 1, 0, 27.62685197414665]
shiladitya-bits: [9, 14, 6, 13, 0]
madhugb: [9, 7, 3, 18, 70.5778232854184]
chiragragarwal: [9, 18, 8, 6, 0]
bharath12345: [9, 22, 9, 10, 0]
rchaganti: [10, 5, 7, 16, 0]
tarun3kumar: [9, 2, 5, 0, 0]
madhugb: [9, 7, 3, 18, 1020.5061775576378]
lambday: [9, 11, 0, 2, 0]
shiladitya-bits: [9, 14, 6, 13, 910.8024805499548]
mdaliejaz: [9, 8, 1, 0, 60.07268598521648]
mythreyaraj: [9, 6, 1, 4, 2.0]
chiragsinghal: [8, 0, 0, 0, 0]
chiragragarwal: [9, 18, 8, 6, 0]
sathia27: [9, 17, 16, 16, 0]
arjunasuresh3: [9, 16, 8, 10, 1191.8876283284208]
rajivrnair: [9, 6, 1, 3, 0]
ajayrungta: [9, 2, 1, 1, 0]
RUPOJS: [9, 9, 6, 7, 0]
nitinstp23: [9, 7, 0, 8, 42.071208477733876]
cjgiridhar: [9, 28, 7, 15, 0]
kartikssj: [9, 4, 1, 2, 0]
jeswin: [9, 64, 13, 84, 5.748897078944831]
hvaibhav: [9, 5, 19, 38, 0]
prudhviy: [9, 13, 0, 6, 0]
sivakumar-kailasam: [8, 14, 6, 14, 0]
karthiksbhat: [9, 4, 6, 1, 0]
aamirshah: [9, 4, 15, 60, 0]
nischalhp: [9, 15, 5, 4, 26.273118296836373]
kiranp11: [9, 9, 1, 5, 0]
adilbaig: [9, 16, 14, 57, 0]
krishnanagaraj: [9, 1, 0, 0, 0]
satishgn: [9, 0, 0, 0, 0]
vinothini92: [9, 8, 0, 1, 0]
sudheendrach: [9, 2, 1, 1, 0]
nischalhp: [9, 15, 5, 4, 151.0443881968434]
srinidhij: [9, 12, 0, 2, 0]
aamirshah: [9, 4, 15, 60, 39.19422342312628]
mano-mykingdom: [9, 7, 21, 64, 0]
sjbalaji: [9, 5, 5, 3, 0]
pooran: [9, 13, 2, 2, 0]
LalatenduMohanty: [9, 9, 8, 2, 6.2827613047827855]
anupamc: [7, 1, 0, 1, 812.3160511039961]
karthikkck: [8, 8, 0, 18, 0]
kcmani: [8, 3, 2, 7, 0]
shashir87: [8, 5, 0, 0, 0]
ananthpn: [8, 5, 1, 3, 0]
RinsyBacker: [8, 0, 0, 0, 0]
tech-pill: [8, 1, 0, 0, 40.491720895322]
ramsunvtech: [8, 10, 4, 18, 0]
Gauravrajsompura: [8, 1, 0, 0, 54.75216313048153]
kjana83: [8, 17, 0, 3, 0]
codesavvy: [8, 19, 0, 5, 138.41461457595545]
ermauliks: [8, 9, 5, 5, 0]
rohankini: [8, 6, 0, 15, 14.946475905251889]
codesavvy: [8, 19, 0, 5, 630.3660188674933]
ramsunvtech: [8, 10, 4, 18, 39.092622208676666]
priyolahiri: [8, 7, 3, 9, 0]
tech-pill: [8, 1, 0, 0, 687.5179969782453]
Gauravrajsompura: [8, 1, 0, 0, 63.09171404588413]
salilpa: [8, 15, 6, 1, 245.10128094988357]
AkarshES: [8, 7, 1, 7, 0]
maheshcr: [8, 0, 0, 0, 0]
Amit-Tomar: [9, 12, 6, 3, 553.3869762997064]
amjd: [9, 12, 2, 4, 0]
vijaysharma: [8, 2, 0, 1, 0]
hnprashanth: [8, 12, 10, 17, 0]
srihari: [8, 8, 0, 4, 0]
mridulm: [8, 0, 0, 0, 0]
bhoomit: [8, 10, 0, 0, 33.005839561239995]
harishkumarv: [8, 2, 1, 1, 0]
ganeshs: [8, 1, 0, 0, 0]
odhyan: [8, 7, 53, 125, 0]
vijaymathew: [8, 2, 1, 2, 0]
vigneshsarma: [8, 15, 0, 12, 0]
tejovanthn: [8, 13, 0, 1, 0]
vijaysharma: [8, 2, 0, 1, 11.822327153659186]
Kirubaharan: [9, 3, 2, 0, 0]
akumarb2010: [8, 4, 2, 2, 0]
abishekrsrikaanth: [9, 23, 15, 34, 90.07524966784388]
mseshachalam: [10, 17, 9, 50, 118.16180381995743]
devashishshankar: [9, 4, 2, 8, 0]
gggodhwani: [8, 11, 15, 7, 0]
karthikselva: [8, 13, 8, 9, 0]
Amit-Tomar: [9, 12, 6, 3, 628.7029763493907]
maheshcr: [8, 0, 0, 0, 55.294835401080775]
ujwlkarn: [8, 12, 4, 10, 1253.4077534445796]
SynHub: [9, 5, 6, 14, 0]
vijaysali: [8, 4, 1, 0, 233.28017405768333]
inosaint: [8, 10, 2, 1, 0]
harjeet88: [8, 7, 0, 0, 0]
AkarshES: [8, 7, 1, 7, 16.336618340607565]
salilpa: [8, 15, 6, 1, 366.62990295005386]
amjd: [9, 12, 2, 4, 50.21249570488273]
mridulm: [8, 0, 0, 0, 2637.934300488883]
viig99: [8, 10, 0, 12, 0]
siddharth96: [8, 3, 6, 18, 26.530010267134983]
netxillon: [8, 1, 23, 10, 8164.854417448496]
amarnus: [9, 19, 13, 17, 0]
vnitinv: [8, 3, 7, 1, 119.96248827514263]
abhinavrastogi: [8, 13, 3, 2, 62.57426904412104]
yadurajiv: [8, 9, 1, 18, 0]
omshivaprakash: [8, 4, 0, 2, 247.1909893246985]
par-omkarsoft: [8, 27, 2, 2, 8.082480041244379]
amarts: [9, 2, 1, 1, 0.0]
nitishkumarsingh13: [8, 5, 5, 7, 0]
VJAI: [8, 5, 105, 70, 0]
roop: [8, 15, 3, 32, 0]
varunvairavan: [8, 4, 4, 26, 0]
shoaib30: [8, 7, 1, 3, 0]
raghunadhd: [8, 3, 0, 2, 99.72976850292713]
shreyas-satish: [9, 3, 2, 9, 0]
anujsrc: [8, 0, 0, 0, 87.20387409578643]
kshirish: [8, 12, 1, 5, 0]
callmekatootie: [8, 6, 1, 6, 0]
Praveen-Innocent: [9, 11, 0, 0, 0]
jaysingh: [9, 18, 8, 38, 107.85744089473697]
oddjobsman: [8, 5, 4, 11, 0]
kannans: [8, 40, 4, 6, 508.8857866541385]
kanikeabhishek: [7, 2, 1, 1, 0]
Anuj16: [7, 6, 0, 0, 518.6458477511849]
m-narayan: [7, 18, 3, 4, 74.89130434838056]
deveshz: [7, 3, 0, 1, 0]
GenesisFrame: [7, 61, 3, 3, 0]
nikhilkabbin: [7, 4, 0, 0, 12.20929149746794]
quadstor: [7, 1, 2, 0, 0]
tarkeshwar: [7, 0, 0, 0, 0]
Aakriti: [7, 7, 3, 6, 0]
dc7batman: [7, 8, 2, 12, 15.720402970589324]
aakn: [7, 13, 3, 0, 0]
DevKhokhar: [7, 6, 3, 2, 108.63627858631922]
praddy: [7, 3, 0, 5, 0]
ananth22by7: [7, 2, 1, 4, 0]
ranjeetkumar: [7, 5, 1, 0, 14.888055529538272]
karthkk: [7, 10, 2, 14, 0]
sampad: [7, 0, 0, 0, 0]
prabhic: [6, 10, 0, 8, 386.73888528436646]
jee1mr: [7, 12, 7, 1, 83.33302716505965]
robotilak: [7, 6, 3, 1, 0]
adarshpatil: [7, 8, 1, 0, 0]
KalyanAkella: [7, 25, 6, 16, 0]
racheesingh: [7, 14, 3, 20, 0]
bhavinjavia: [7, 0, 0, 0, 241.09701245915252]
Nasruddin: [7, 7, 0, 2, 47.385829063992595]
mageshbk: [7, 4, 1, 5, 0]
ardsrk: [7, 12, 3, 4, 0]
mubarocks: [7, 1, 0, 0, 44.31015173655965]
vedarthk: [7, 12, 6, 9, 0]
manojrammurthy: [7, 19, 2, 1, 62.57495008383076]
prathammehta: [7, 5, 0, 0, 0]
ksashikumar: [7, 9, 4, 3, 12.350758584644048]
softwaremechanic: [7, 7, 0, 0, 0]
rishibhatnagar1: [7, 40, 1, 3, 0]
chiku: [7, 41, 6, 41, 0]
rajathkumarmp: [7, 11, 0, 3, 4.272658681697917]
vramana: [7, 12, 1, 0, 0]
kaoskeya: [7, 20, 5, 23, 0]
rockycoder: [7, 5, 5, 1, 0]
ajainvivek: [7, 6, 5, 6, 0]
rohitgs: [7, 0, 0, 0, 0]
jay-mahadeokar: [7, 2, 3, 5, 0]
sangeeths: [7, 18, 14, 26, 0]
yogi: [7, 3, 1, 3, 0]
siddhartha-gadgil: [7, 16, 12, 6, 0]
kushdilip: [7, 31, 5, 4, 615.9619263835372]
vaibhavmule: [7, 10, 1, 2, 0]
krsreenatha: [8, 11, 4, 3, 6882.037493558981]
sujithvm: [7, 7, 2, 1, 0]
kapilratnani: [7, 6, 17, 33, 0]
kienme: [7, 4, 0, 0, 0]
RajeshBatth: [7, 7, 1, 0, 0]
dfordivam: [7, 7, 3, 9, 0]
mayuroks: [7, 17, 2, 0, 0]
nitishdhar: [7, 5, 13, 15, 6.603854497789253]
AjayMT: [7, 29, 12, 19, 0]
mayuroks: [7, 17, 2, 0, 1205.2037932380322]
maheshmhegade: [7, 23, 7, 26, 0]
obipawan: [8, 8, 4, 10, 6.75331341669382]
manishrc: [8, 3, 0, 0, 0.0]
madhuakula: [7, 2, 0, 1, 0]
nitishdhar: [7, 5, 13, 15, 81.07636147602378]
AjayMT: [7, 29, 12, 19, 0]
anaray: [7, 9, 3, 1, 0]
ujavalgandhi: [8, 0, 0, 0, 0]
krishnasrihari: [7, 14, 8, 21, 0]
ujavalgandhi: [8, 0, 0, 0, 0.0]
anaray: [7, 9, 3, 1, 1780.569964554094]
spraveenitpro: [7, 45, 0, 2, 0.0]
ShashankaNataraj: [7, 16, 2, 0, 0]
sagarhani: [7, 16, 4, 1, 23.909549865689982]
ashwinpreet: [7, 4, 1, 13, 0.0]
superman550: [6, 1, 0, 0, 0]
barbara: [6, 0, 0, 0, 0]
rprustagi: [6, 2, 0, 2, 0]
pritamd20: [6, 8, 2, 6, 0]
RBEI-ArunKumar: [6, 3, 0, 1, 0]
harekal7: [6, 8, 4, 0, 0]
xadhix: [6, 8, 3, 0, 0]
m0ns1: [5, 1, 0, 0, 0]
samiriff: [6, 10, 4, 6, 0]
RahulRachuri: [6, 1, 0, 0, 0]
ajmalmsali: [6, 10, 3, 3, 22.42692340908199]
josemanimala: [6, 5, 1, 9, 179.69782634542887]
srikantmatihali: [6, 6, 0, 6, 0]
sandeep-krishnamurthy: [6, 3, 1, 2, 88.44826971860337]
arunk: [6, 5, 0, 0, 0]
psarda: [6, 1, 0, 0, 0]
imtiaz: [6, 0, 0, 0, 0]
itsmeritesh: [6, 6, 2, 11, 0]
anand9: [6, 8, 2, 5, 18.043106562152875]
sourabhagrawal: [6, 7, 2, 0, 0]
gouthamvel: [6, 4, 0, 2, 19.72493682369564]
skarra: [6, 14, 23, 77, 0]
suryatech: [6, 5, 34, 32, 0]
sudoyotta: [6, 0, 0, 0, 0]
intrepidkarthi: [11, 15, 16, 34, 466.55577723584537]
abhikmitra: [6, 18, 35, 85, 509.99761313451205]
dhawaljoh: [6, 4, 1, 0, 0]
dostiharise: [6, 3, 1, 0, 117.13200092022089]
atifh: [6, 7, 0, 1, 0]
dkris: [6, 15, 0, 7, 441.7945766558114]
mayankcpdixit: [7, 6, 0, 4, 0]
nabarunchatterjee: [6, 12, 0, 0, 0]
xp: [6, 6, 2, 9, 162.91412975426468]
markandey: [6, 19, 2, 18, 0]
rajivm1991: [6, 8, 7, 3, 0]
nishantverma: [6, 5, 3, 4, 0]
raj-nt: [6, 0, 0, 0, 0]
pronaypeddiraju: [6, 5, 0, 1, 0]
Saiesh: [6, 7, 5, 7, 21.843238259116006]
hisankaran: [6, 2, 0, 0, 43.324798379721656]
imdhmd: [7, 13, 1, 5, 0]
sricharanized: [5, 12, 0, 0, 0]
rkssisodiya: [6, 5, 0, 1, 0]
apoorvingle: [6, 15, 2, 1, 33.835728846863574]
nishantverma: [6, 5, 3, 4, 5.778996565152129]
s-gv: [6, 41, 20, 12, 9.539081845515277]
apoorvingle: [6, 15, 2, 1, 1077.3309457799028]
sricharanized: [5, 12, 0, 0, 94.1241757113326]
jineeshjohn: [6, 2, 0, 0, 0]
anoopelias: [6, 13, 8, 83, 0]
rajivm1991: [6, 8, 7, 3, 13.881214509962762]
pronaypeddiraju: [6, 5, 0, 1, 10.525260420507978]
npras: [6, 43, 1, 19, 13.230599351592852]
puneet0191: [6, 5, 4, 5, 0]
akhileshs: [6, 13, 0, 6, 0]
albinsuresh: [6, 2, 3, 2, 0.0]
rkssisodiya: [6, 5, 0, 1, 121.62529483022422]
Bijendra: [6, 5, 0, 0, 402.3929577094107]
iamanupmenon: [6, 13, 2, 0, 211.71600753835625]
imdhmd: [7, 13, 1, 5, 585.1279057642428]
hisankaran: [6, 2, 0, 0, 677.3858100937712]
Saiesh: [6, 7, 5, 7, 75.4327178903577]
shark8me: [6, 13, 3, 6, 0]
akshath: [6, 1, 12, 21, 41.21285299808556]
saurabhhack123: [6, 27, 3, 5, 30.908530006246117]
kamalkishor1991: [6, 7, 2, 3, 0]
sharath28: [7, 4, 1, 2, 0]
sunnykgupta: [6, 12, 1, 5, 0]
mohitranka: [6, 10, 13, 33, 0]
PramodDutta: [6, 28, 1, 7, 6.510830071526432]
navyad: [6, 7, 0, 0, 15.46122810503184]
Kameshwaran: [6, 9, 0, 0, 10.667751625750848]
prank7: [6, 15, 1, 6, 0]
godesomesh: [6, 1, 3, 0, 0]
hybridNeo: [6, 15, 3, 9, 0]
rag594: [7, 7, 3, 1, 0]
aadis: [6, 2, 0, 2, 0]
i-arindam: [6, 9, 2, 5, 0.0]
Pragith: [6, 23, 6, 5, 333.3137110085629]
ashokbijoy: [6, 5, 8, 7, 0]
ravisvi: [6, 8, 1, 1, 0]
thejavamonk: [6, 2, 0, 0, 0]
raghavendra-talur: [6, 3, 2, 2, 0]
floydpraveen: [6, 11, 1, 0, 0]
thejavamonk: [6, 2, 0, 0, 56.774712710102925]
thiyagarajan: [6, 38, 10, 42, 553.2844983659489]
Kameshwaran: [6, 9, 0, 0, 14.729712006301106]
fazam: [6, 0, 0, 0, 0]
Anenth: [6, 17, 1, 2, 42.67220342047754]
prakash122: [6, 5, 2, 0, 0.0]
floydpraveen: [6, 11, 1, 0, 14.225454845358119]
arunkjn: [6, 5, 6, 33, 41.94425678999751]
anoopbhargava: [6, 2, 1, 0, 211.71493667010537]
vidyuthd: [6, 9, 0, 6, 23.072542059837694]
ramkumar-kr: [6, 11, 7, 3, 0]
ChetanaHegde: [5, 1, 2, 2, 0]
RohithKumar: [5, 7, 0, 2, 0]
mehta-viru1: [5, 0, 0, 0, 462.4265283826638]
SantoshShilimkar: [5, 0, 0, 0, 0]
shariefsk: [5, 1, 0, 1, 0]
moubaid: [5, 6, 0, 0, 81.7403147421243]
gks2480: [5, 0, 0, 0, 0]
ShivaVS: [5, 2, 2, 1, 0]
sid1607: [5, 10, 6, 4, 15.1597735988634]
nikhilnraj: [5, 2, 1, 0, 0]
umars: [5, 2, 4, 4, 168.2178296837135]
kumar99: [5, 8, 0, 5, 0]
kaydarla: [5, 4, 0, 2, 0]
RohithKumar: [5, 7, 0, 2, 470.62485462036636]
kkushagra: [5, 4, 38, 7, 13.806871883799113]
gvamsikris: [5, 4, 2, 3, 18.04720121940502]
aravindmurthy: [5, 0, 0, 0, 0]
vipulmathur: [5, 1, 0, 0, 0]
sanjaytripathi: [5, 0, 0, 0, 0]
MVReddy: [5, 21, 2, 5, 37.8395822876562]
bharadwajwise: [5, 1, 0, 1, 103.2683533877437]
sirishkumar: [5, 20, 1, 16, 13.852186355223102]
pradeepkumars: [5, 2, 0, 0, 0]
aravindmurthy: [5, 0, 0, 0, 0]
shridharmishra4: [6, 10, 2, 3, 17.07349952909186]
sourcecode123: [5, 4, 0, 0, 0]
HarendraKumarSingh: [5, 5, 10, 13, 0]
sudhanvaah: [5, 5, 0, 0, 0]
shivendrasoni: [5, 6, 2, 1, 0]
sub2u: [5, 11, 3, 5, 89.74042460845112]
reeteshranjan: [5, 5, 8, 48, 0]
santhosh-tekuri: [5, 7, 4, 8, 0]
vjsrinath: [5, 6, 8, 10, 0.0]
SivaCn: [5, 23, 17, 3, 0]
farhan-anwar: [5, 0, 0, 0, 0]
bschandramohan: [6, 0, 0, 0, 0]
ravikp: [5, 9, 10, 13, 62.575801362621775]
khanrizwan: [5, 6, 0, 0, 0]
rammohan: [5, 5, 0, 1, 0]
shreedharshetty: [5, 17, 0, 10, 383.57237838055215]
vmishra: [5, 2, 0, 0, 55.191090584341374]
aneeshpu: [5, 33, 7, 28, 59.323262169524845]
ayanb: [5, 0, 0, 0, 10.969613104865235]
had00p3r: [5, 2, 0, 0, 0]
sanjaytripathi: [5, 0, 0, 0, 25.25361454595275]
sandipb: [5, 6, 0, 1, 0]
mayankkohaley: [4, 4, 0, 3, 62.082443220525946]
samarthbhargav: [5, 24, 8, 3, 62.57597161560062]
DollarAkshay: [6, 8, 3, 4, 0]
sudhanvaah: [5, 5, 0, 0, 0]
ayanb: [5, 0, 0, 0, 917.9217101803558]
samarthbhargav: [5, 24, 8, 3, 230.70545161356267]
sourcecode123: [5, 4, 0, 0, 0]
vmishra: [5, 2, 0, 0, 135.23661242036883]
mayankkohaley: [4, 4, 0, 3, 130.29062020667433]
aneeshpu: [5, 33, 7, 28, 148.32558208132008]
sandipb: [5, 6, 0, 1, 50.061966266137304]
ramesh-kumar: [5, 4, 0, 4, 0]
develmj: [5, 8, 1, 4, 11.522953525110871]
kgdinesh: [5, 2, 5, 7, 0]
sachinvasista: [5, 8, 0, 1, 0]
char-star: [5, 4, 3, 0, 0]
GayathriKaliyamoorthy: [5, 1, 0, 0, 0]
anirajk: [5, 3, 0, 0, 0]
Mahaswami: [5, 11, 1, 7, 0]
ameyakarve: [5, 21, 5, 31, 8.572618882313394]
tkkr6895: [5, 7, 3, 0, 1874.1826696422734]
code-haven: [5, 19, 0, 2, 0]
rikesh-subedi: [5, 9, 2, 0, 0]
pranithk: [5, 2, 1, 3, 0]
asifkalam: [5, 0, 0, 0, 0]
abhinandanramesh: [5, 13, 14, 20, 40.39443115084887]
cosmosgenius: [5, 31, 1, 4, 0]
adarshajoisa: [5, 4, 7, 12, 0]
nitinarv: [5, 11, 2, 1, 0]
rcanand: [5, 2, 0, 0, 62.57631211877906]
russelldias98: [5, 21, 7, 11, 700.6268615967359]
rahulsahay19: [5, 7, 16, 5, 0]
ameyakarve: [5, 21, 5, 31, 12.305130039130642]
asifkalam: [5, 0, 0, 0, 66.55087255470036]
bschandramohan: [6, 0, 0, 0, 0]
santhosh-tekuri: [5, 7, 4, 8, 3.1748021039363987]
SivaCn: [5, 23, 17, 3, 18.714495648240238]
vjsrinath: [5, 6, 8, 10, 98.05050846335953]
sub2u: [5, 11, 3, 5, 161.8060793582087]
fusionstrings: [5, 10, 5, 3, 2.0]
vteial: [5, 24, 8, 2, 50.442734813397095]
anandrajana: [5, 6, 7, 12, 0]
ramkumard: [5, 10, 2, 4, 66.56084883174218]
kollipara: [5, 0, 0, 0, 0]
nutsiepully: [5, 23, 2, 3, 0]
char-star: [5, 4, 3, 0, 7.113786608980125]
bsvin33t: [5, 17, 2, 2, 0]
anuragkanungo: [5, 13, 0, 0, 0]
ruthmaben: [5, 2, 0, 0, 0]
anandrajana: [5, 6, 7, 12, 68.44510160143008]
ramkumard: [5, 10, 2, 4, 1040.1653452723856]
saneef: [6, 7, 3, 9, 0]
sanath: [5, 0, 0, 0, 18.84922215338193]
arun73: [5, 10, 1, 0, 211.71707839577428]
abhitripathi: [5, 5, 2, 0, 0]
pabiswas: [5, 6, 0, 2, 0]
naveenkumarbv66: [5, 11, 1, 0, 0]
DollarAkshay: [6, 8, 3, 4, 0]
sachinvasista: [5, 8, 0, 1, 0]
subinvarghesein: [5, 4, 0, 0, 14.414757895089549]
kashyapp: [5, 10, 1, 6, 0]
pradeepbishnoi: [5, 9, 1, 2, 0]
chandresh-pancholi: [5, 8, 0, 1, 0]
kashyapp: [5, 10, 1, 6, 70.8545154137923]
abose: [5, 0, 0, 0, 0]
karansaxena: [5, 3, 0, 0, 0]
DuntyVinayRaj: [5, 21, 2, 0, 0]
pratikpoddar: [5, 1, 0, 0, 0]
anna93: [5, 14, 3, 1, 0]
anandaverma: [5, 29, 6, 8, 123.85903090123534]
sujaybhowmick: [5, 26, 19, 10, 1556.7282721440533]
cyberinferno: [6, 13, 4, 11, 0]
subinvarghesein: [5, 4, 0, 0, 163.00422445422117]
rghv: [5, 17, 5, 2, 0]
vignessh: [5, 6, 1, 1, 0]
VinodKumarLogan: [5, 11, 2, 1, 0]
gowda: [5, 15, 0, 13, 0]
bittu08: [5, 17, 2, 1, 0]
pradeepbishnoi: [5, 9, 1, 2, 105.60587895844262]
nikhilvallishayee: [5, 4, 0, 1, 0]
anandkarthik: [5, 3, 4, 0, 0]
sauravpradhan: [6, 15, 2, 13, 0]
jamesfebin: [6, 22, 1, 4, 62.57631211877906]
ashish29agre: [5, 14, 3, 1, 2764.7622790264495]
Daemon-Devarshi: [5, 14, 16, 34, 0.0]
sriramsrangan: [5, 5, 0, 4, 0]
gowda: [5, 15, 0, 13, 234.75106821669695]
boyhavoc: [5, 2, 1, 3, 0]
sathnaga: [5, 1, 0, 0, 62.90006832786279]
nm1291: [5, 7, 1, 1, 282.4058266081903]
abhijitkane: [5, 12, 2, 4, 0]
alok-sm: [5, 26, 2, 1, 0]
har777: [5, 14, 3, 4, 0]
shreyasrk: [5, 15, 2, 0, 29.211579610939786]
srikanthps: [5, 12, 10, 28, 114.87975830361975]
girishkarthik: [4, 0, 0, 0, 0]
ajoyraman: [4, 2, 3, 6, 0]
vap: [4, 1, 0, 1, 199.49023513614793]
subhamsaha1004: [4, 53, 1, 1, 900.7950308220819]
donks122: [4, 8, 5, 12, 0]
karthik37: [4, 0, 0, 0, 0]
Surya121: [4, 3, 13, 32, 0]
vinayhulgar: [4, 1, 0, 0, 0]
nshyam: [4, 1, 1, 2, 0]
abhigna: [4, 3, 6, 5, 0]
mawaliya: [4, 14, 4, 0, 0]
mkirank: [4, 1, 2, 1, 1824.9642197276078]
rahulsingh00: [4, 3, 1, 2, 15.666264262085068]
collapcom: [4, 0, 0, 0, 0]
pateatlau: [3, 1, 0, 1, 0]
nomind: [4, 6, 2, 1, 0]
jyothi-mandava: [4, 0, 0, 0, 0]
nairvijays: [4, 2, 1, 2, 6.32470354341737]
madhukarah: [4, 2, 0, 2, 24.01432446105019]
thechronos: [4, 1, 0, 0, 190.843667265756]
pavanparasa: [4, 0, 0, 0, 0]
ssuda: [4, 0, 0, 0, 0]
aadithya: [4, 10, 4, 9, 0]
mohammedshoib: [4, 4, 0, 0, 0]
fariduz52: [4, 1, 0, 0, 0]
ram0812: [4, 4, 0, 0, 0]
ShruthiChari: [4, 7, 0, 1, 169.84576553230386]
himanshujaju: [4, 9, 8, 2, 0]
cmalai: [4, 1, 1, 0, 0]
anirbanbhattacharjee: [4, 3, 3, 7, 8.163310203834696]
appusajeev: [5, 3, 5, 11, 0]
fR0DDY: [4, 6, 0, 3, 0]
ram0812: [4, 4, 0, 0, 62.967637917452386]
vvaradhan: [4, 0, 0, 0, 0]
ABHIJEET-MUNESHWAR: [4, 10, 12, 26, 0]
kiran-bhat: [4, 3, 0, 2, 0]
rep-movsd: [4, 3, 0, 3, 0]
aslam: [4, 7, 1, 8, 74.38583955417067]
manuknkra: [4, 5, 0, 4, 29.305529209246675]
kunalpowar: [4, 9, 10, 0, 0]
fishsticks: [4, 2, 5, 35, 0]
arunpjohny: [4, 14, 10, 15, 80.59909531758682]
maruthisi: [4, 0, 0, 0, 0]
sudo87: [4, 3, 0, 0, 0]
kiran-bhat: [4, 3, 0, 2, 115.01598162567906]
ABHIJEET-MUNESHWAR: [4, 10, 12, 26, 0]
bipul21: [4, 5, 3, 4, 29.93987959839292]
futur: [4, 11, 0, 5, 40.871605104381395]
arun-geek: [4, 8, 1, 7, 0]
kailashnath: [4, 6, 0, 7, 0]
kunalghosh: [4, 10, 2, 7, 0]
manuknkra: [4, 5, 0, 4, 175.56725613554562]
himanshujaju: [4, 9, 8, 2, 20.462553093679897]
rajpatel507: [3, 4, 0, 0, 0]
chitreshkakwani: [4, 6, 0, 5, 0]
ramackri: [4, 6, 3, 11, 0]
alwindoss: [4, 2, 0, 0, 0]
manuviswam: [4, 12, 0, 0, 16.875678985025566]
vasanthkalingeri: [4, 10, 1, 3, 90.39537749676603]
sandeep-kumar-singh: [4, 0, 0, 0, 0]
anjalirmenon: [4, 15, 0, 11, 0]
srini156: [4, 2, 0, 0, 0]
Thejas007: [4, 9, 0, 2, 67.09469049726239]
shadow-fox: [4, 6, 1, 2, 0]
sahutd: [4, 2, 2, 0, 0]
santhoshn: [4, 5, 2, 13, 0]
pavanSaberjack: [4, 18, 22, 70, 40.365512889219275]
muneef: [5, 7, 1, 5, 45.038321266435744]
sharath001: [4, 0, 0, 0, 0]
srinivasrvaidya: [4, 10, 0, 1, 0]
false9striker: [4, 6, 2, 3, 0.0]
anenthg: [4, 3, 0, 2, 20.155455219748134]
parthrbhatt: [4, 1, 3, 14, 0]
saifikhan: [5, 3, 0, 0, 14.462447418811122]
kunalgolani: [4, 3, 0, 1, 0]
rakeshkatti: [4, 7, 0, 0, 62.576822866598754]
rameshp: [4, 1, 1, 0, 614.3630287811789]
GAT007: [4, 4, 3, 0, 211.71814924235966]
sandeep-kumar-singh: [4, 0, 0, 0, 0]
srini156: [4, 2, 0, 0, 78.59323195941009]
Thejas007: [4, 9, 0, 2, 1873.814236343364]
saifikhan: [5, 3, 0, 0, 62.09299129709067]
parthrbhatt: [4, 1, 3, 14, 7.691371680981177]
anenthg: [4, 3, 0, 2, 65.94583049218407]
sharath001: [4, 0, 0, 0, 759.1924413717222]
manuviswam: [4, 12, 0, 0, 327.8130940563791]
vasanthkalingeri: [4, 10, 1, 3, 751.0883364041559]
rkbunt: [4, 1, 0, 2, 0]
arunpjohny: [4, 14, 10, 15, 381.9818294947502]
maruthisi: [4, 0, 0, 0, 0]
dpacmittal: [4, 5, 0, 2, 17.863159877080562]
spatialthoughts: [5, 4, 6, 6, 0]
sanjusoftware: [4, 13, 1, 6, 0]
iyogeshjoshi: [5, 19, 0, 2, 233.6367709336435]
akaashanky: [4, 20, 4, 7, 0]
mManishTrivedi: [4, 16, 2, 1, 153.7641276126361]
peeyush113: [4, 5, 0, 0, 196.3365504886099]
iamtrk: [4, 10, 11, 86, 0]
VarunAV: [4, 5, 1, 0, 0]
plaban123: [4, 10, 1, 8, 0]
enthudrives: [4, 12, 0, 2, 0]
applications4android: [4, 2, 24, 40, 0]
Rajan: [4, 2, 0, 0, 7.617411603093271]
savs95: [4, 12, 2, 2, 0]
ashishnitinpatil: [4, 12, 2, 10, 62.576822866598754]
nishantshobhit: [4, 9, 1, 1, 0]
nikunjlahoti: [4, 7, 2, 4, 0]
ktmrakesh: [4, 2, 0, 0, 0]
vijayanandnandam: [4, 2, 0, 0, 0]
roopesh90: [4, 9, 0, 0, 0.0]
ccsCoder: [4, 35, 2, 2, 0]
NikhilNanjappa: [5, 15, 0, 0, 0]
bethink: [4, 14, 1, 4, 2.0]
avinashsahu: [4, 5, 0, 4, 2096.6874001701353]
jicksy: [5, 7, 8, 5, 0]
animeshramesh: [4, 8, 5, 0, 1654.966983465102]
rajesh-kanna: [4, 1, 0, 0, 36.29287831410178]
aniket91: [5, 1, 1, 0, 0]
kp2222: [4, 10, 0, 8, 17.75808003485201]
iyogeshjoshi: [5, 19, 0, 2, 4786.585824504849]
sanjusoftware: [4, 13, 1, 6, 5.68773395970313]
akaashanky: [4, 20, 4, 7, 499.705813601776]
navjotahuja92: [5, 6, 3, 3, 55.2537039482933]
ktmrakesh: [4, 2, 0, 0, 0]
mManishTrivedi: [4, 16, 2, 1, 401.9748784608885]
NikhilNanjappa: [5, 15, 0, 0, 2.4101422641752297]
ccsCoder: [4, 35, 2, 2, 6.5731384514424285]
bethink: [4, 14, 1, 4, 62.896316556975535]
ozeetee: [4, 3, 54, 138, 0]
Avinash9: [4, 13, 0, 0, 0]
aliasvishnu: [4, 7, 0, 0, 0]
rajeshp: [4, 16, 4, 8, 0]
kannan4k: [4, 11, 6, 6, 0]
virajs07: [4, 9, 0, 3, 0]
shobhit: [4, 9, 0, 5, 30.218082797112423]
renjithraj2005: [4, 4, 0, 1, 505.7164411865444]
AmitKumarDas: [4, 3, 0, 2, 2099.756122182443]
kp2222: [4, 10, 0, 8, 144.04614697336893]
deepalikherudkar: [6, 3, 0, 0, 0]
nishantshobhit: [4, 9, 1, 1, 0.0]
roopesh90: [4, 9, 0, 0, 0.0]
nikunjlahoti: [4, 7, 2, 4, 65.30773211381104]
vijayanandnandam: [4, 2, 0, 0, 76.36153024634832]
jicksy: [5, 7, 8, 5, 2.8844991406148166]
nikhildhawan: [4, 7, 4, 5, 0]
ozeetee: [4, 3, 54, 138, 9.472682371859095]
StephanieBr: [4, 7, 0, 0, 0]
slade1: [4, 21, 0, 3, 86.67754411956982]
kanika1901kapoor: [4, 5, 1, 1, 0]
spacefugitive: [4, 0, 0, 0, 0]
sqlchow: [4, 5, 1, 2, 0]
Avinash9: [4, 13, 0, 0, 968.7335996998718]
nischayn22: [4, 27, 6, 24, 0]
karthikc: [4, 4, 3, 10, 0]
chetan1507: [4, 1, 0, 0, 0]
balajijegan: [4, 4, 2, 6, 0]
nithinkrishna: [4, 8, 0, 0, 0]
anuragrath: [4, 0, 0, 0, 1.5874010519681994]
