57.88964985
25.58542106
0.0
75.27206533
62.72022389
2.02657613
17.34669737
22.05305373
10.03486034
2.4243967
13.38414521
0.0
0.0
1.6780843
233.94599322
4.27895941
11.79449228
1.83412535
0.0
4.51243416
0.0
21.15517468
15.32907872
0.0
0.1243854
1.46096915
1.22156667
6.78948181
15.95586662
1.6780843
1.33658375
2.89028265
43.55009265
14.03090319
2.18499422
19.45417146
12.20573216
4.68596373
14.93669723
1.70973995
58.55687282
0.0
68.7932566
17.59958211
48.75617105
2.0512405
10.20225952
1.6780843
4.57060415
40.31924815
12.75142885
11.99153921
11.83931985
99.07199129
56.37004087
5.2852609
0.0
4.11393727
0.71465675
5.8438766
18.91421465
16.18647028
3.46525795
1.33658375
9.31782655
30.67838911
2.63472323
1.4293135
6.74399285
7.0854934
0.0
41.64838103
11.70648984
15.34716265
2.14397025
1.6780843
11.10699001
0.83904215
45.53619918
2.71847189
61.59468883
4.95312867
10.48254613
3.82205455
0.83904215
5.73992856
0.71465675
1.95851075
2.39274105
0.40718889
8.19482535
123.92890784
157.18299219
22.480171
5.708291
8.4538043
8.38587008
0.0
46.33490163
32.51766439
71.05809168
2.70720019
0.0
4.91007016
0.621927
9.79744767
24.59480358
3.0463237
12.27626417
2.64151185
0.0
6.95280323
16.8374285
0.3731562
34.59942313
6.87760673
6.09079743
8.9018145
5.2830237
24.5298451
14.77510087
0.0
17.32857739
1.79568108
12.29450906
0.0
4.102481
60.31937894
3.58726631
0.0
0.0
69.43786829
6.83692526
5.50013885
18.95067549
5.00259725
5.87329505
0.0
7.64211929
7.76855732
3.96470293
22.05305373
9.94649744
2.89965097
47.76752529
20.25016451
17.02157451
32.87063298
16.73361162
31.95290968
0.0
25.04007628
14.09000241
17.05452556
93.16587504
0.71465675
6.2781069
0.71465675
0.96342755
21.09581071
3.65533169
9.23170085
1.24623104
1.83650239
1.24623104
65.95411168
4.3512518
32.26793121
2.76589725
3.2950945
7.14439312
1.08781295
6.63768586
43.85676789
24.30160664
0.40718889
40.06861889
0.1243854
1.6780843
44.00278543
0.0
23.76609759
4.90326345
11.43251819
2.14858449
33.21166941
6.2781069
7.80502046
2.61005886
4.00975125
19.10909358
0.40718889
0.2487708
7.46102664
38.84574339
15.01232897
1.08781295
12.95885127
18.90672064
13.84131482
72.44205041
3.32912719
2.67554454
25.03616427
127.86534802
53.44633192
46.48031501
62.51107312
39.30717606
13.13969653
64.21713859
21.48981511
16.02593674
Invalid User
9.54615999
0.71465675
6.66271937
80.79382235
13.86992646
13.72583901
76.963889
3.59595831
34.58025118
5.21296851
14.70963558
22.02624162
30.12680317
10.83881238
0.0
41.75327718
10.41263078
52.96111629
16.86926872
35.4846243
1380.01625702
4.2268664
4.07082535
0.0
11.49806669
31.06353806
0.0
0.0
7.75951341
166.09839287
3.79501314
15.87441495
5.31467935
10.46890607
2.65088017
2.0512405
10.23824032
35.86733569
0.71465675
6.69025253
2.79992994
9.08118834
2.9830124
3.92876686
36.83144055
2.64151185
26.80203099
11.03640775
8.73451346
0.0
49.49796821
16.74297994
14.64278852
4.5367113
9.40594206
0.40718889
14.45697797
0.71465675
0.71465675
142.19293318
1.46096915
4.35591945
81.09806018
18.36843475
2.89028265
9.39259412
0.0
1.34595207
0.0
9.48359651
1.9268551
7.73907605
4.6000226
10.11862709
10.36481819
3.8537102
47.42600993
29.4214583
0.2487708
11.22413419
3.08035639
2.51712645
4.94191038
10.20877714
1.24623104
5.55666153
2.51712645
26.58270857
115.82714246
9.22946365
13.06332638
67.4302992
2.08527319
1.08781295
7.33208982
53.27684565
876.08868014
Invalid User
2.14397025
89.96666908
8.37522359
9.57781564
6.87061545
27.94393617
25.6578352
0.0
46.52522677
13.01088146
0.0
Invalid User
Invalid User
3.59815078
0.83904215
96.03681411
79.84264204
1.4926248
4.13413665
162.36939347
19.75124035
3.13905345
8.54205097
4.41271313
29.72646585
49.05220073
343.0707979
13.27100487
2.45842939
17.33160398
5.89816208
32.478455
14.21630928
13.34784868
19.25770501
0.0
2.58043775
70.03837075
5.717254
0.0
2.67554454
30.38805544
0.71465675
0.0
0.621927
32.02828851
1.46096915
7.49030525
14.98084848
Invalid User
2.6731675
9.23396482
13.37726713
0.0
1.4293135
71.05684126
12.70546623
14.42913763
5.74673527
28.19070236
54.64803645
66.82152084
7.34125548
6.31662267
22.80514206
182.02629615
9.01255116
2.77526557
20.28490884
19.06553464
11.76690571
9.07317266
4.44621875
7.46840515
26.10844622
102.67263876
2.999372
2.27534693
1.4293135
Invalid User
20.33715123
8.56981343
6.4024923
117.15134785
3.3561686
7.05607495
34.99803625
20.68789749
1.06314858
21.93314273
42.4387409
1.79568108
5.31705639
4.60239964
9.03502306
3.480554
10.98893766
4.03018861
4.17054638
16.4035407
16.42383822
9.02230671
2.0512405
3.51458669
1.4293135
2.67554454
73.15610457
39.45560687
4.57094665
3.38782425
4.35362884
12.60660609
2.14397025
36.40524146
26.08647475
18.98401377
0.0
7.30260855
6.10848861
16.47207336
0.0
0.0
2.64151185
3.6049394
5.346335
11.1902116
8.48762565
Invalid User
5.42786455
127.53646573
2.89028265
5.4074091
0.0
0.0
4.96639018
2.66656345
2.14397025
18.20840467
4.38528449
8.50801828
68.32057007
22.89180679
1.5536989
5.17690128
21.18205816
14.2365353
10.09798707
1.9268551
11.52273106
