267
533
1 298 -1 -1 - 2.932200e+04 4.142000e+04
2 355 -1 -1 - 2.620800e+04 5.157900e+04
3 314 -1 -1 - 3.556500e+04 6.166100e+04
4 338 -1 -1 - 3.685200e+04 6.428100e+04
5 300 -1 -1 - 3.341600e+04 6.252500e+04
6 373 -1 -1 - 3.691500e+04 6.712400e+04
7 270 -1 -1 - 3.227500e+04 5.807800e+04
8 327 -1 -1 - 3.059100e+04 6.725800e+04
9 300 -1 -1 - 3.318000e+04 6.122900e+04
10 371 -1 -1 - 4.306300e+04 6.939300e+04
11 314 -1 -1 - 3.687100e+04 6.110000e+04
12 371 -1 -1 - 4.302700e+04 6.127300e+04
13 366 -1 -1 - 5.134200e+04 6.030400e+04
14 349 -1 -1 - 4.840200e+04 5.096300e+04
15 349 -1 -1 - 4.716900e+04 4.873100e+04
16 465 -1 -1 - 5.232000e+04 3.949900e+04
17 278 -1 -1 - 5.332900e+04 3.612500e+04
18 336 -1 -1 - 5.097400e+04 4.156500e+04
19 280 -1 -1 - 5.425800e+04 3.909500e+04
20 393 -1 -1 - 6.399000e+04 3.600700e+04
21 348 -1 -1 - 5.716400e+04 3.722600e+04
22 390 -1 -1 - 5.270700e+04 3.410100e+04
23 292 -1 -1 - 4.928100e+04 2.879100e+04
24 382 -1 -1 - 4.646900e+04 3.103900e+04
25 281 -1 -1 - 3.790800e+04 2.155600e+04
26 396 -1 -1 - 3.492900e+04 2.772100e+04
27 350 -1 -1 - 3.418500e+04 2.439600e+04
28 312 -1 -1 - 3.795900e+04 2.921400e+04
29 325 -1 -1 - 4.493300e+04 2.681600e+04
30 294 -1 -1 - 4.120300e+04 2.365000e+04
31 389 -1 -1 - 4.712300e+04 2.515500e+04
32 319 -1 -1 - 4.586900e+04 3.270100e+04
33 318 -1 -1 - 4.900100e+04 2.632300e+04
34 274 -1 -1 - 4.593700e+04 2.763100e+04
35 312 -1 -1 - 3.788100e+04 3.087700e+04
36 276 -1 -1 - 3.309900e+04 2.064600e+04
37 271 -1 -1 - 3.285800e+04 2.016900e+04
38 362 -1 -1 - 2.328200e+04 1.296700e+04
39 351 -1 -1 - 2.031300e+04 2.323500e+04
40 361 -1 -1 - 1.097900e+04 1.927500e+04
41 367 -1 -1 - 2.691000e+03 1.073500e+04
42 415 -1 -1 - 1.497500e+04 1.143900e+04
43 365 -1 -1 - 1.859000e+04 4.776000e+03
44 362 -1 -1 - 2.653200e+04 1.126800e+04
45 395 -1 -1 - 3.055000e+04 1.448200e+04
46 350 -1 -1 - 3.165700e+04 2.341200e+04
47 431 -1 -1 - 2.551900e+04 2.160200e+04
48 351 -1 -1 - 1.931000e+04 2.071600e+04
49 296 -1 -1 - 2.834800e+04 2.735900e+04
50 293 -1 -1 - 1.873400e+04 3.516700e+04
51 315 -1 -1 - 1.880100e+04 4.518500e+04
52 329 -1 -1 - 1.955300e+04 4.918000e+04
53 315 -1 -1 - 1.803700e+04 4.629100e+04
54 288 -1 -1 - 1.837300e+04 4.084400e+04
55 286 -1 -1 - 1.136900e+04 4.991200e+04
56 286 -1 -1 - 1.077100e+04 4.958800e+04
57 284 -1 -1 - 1.684600e+04 5.362500e+04
58 301 -1 -1 - 1.861600e+04 6.195200e+04
59 316 -1 -1 - 1.937700e+04 6.677700e+04
60 316 -1 -1 - 1.889900e+04 6.819000e+04
61 289 -1 -1 - 2.372200e+04 6.226800e+04
62 309 -1 -1 - 1.480300e+04 6.830900e+04
63 289 -1 -1 - 2.434600e+04 6.190000e+04
64 309 -1 -1 - 1.418600e+04 6.723100e+04
65 392 -1 -1 - 1.659400e+04 5.697600e+04
66 409 -1 -1 - 2.428400e+04 5.676200e+04
67 388 -1 -1 - 1.468700e+04 5.212300e+04
68 392 -1 -1 - 1.749300e+04 5.975100e+04
69 330 -1 -1 - 2.131400e+04 5.753500e+04
70 376 -1 -1 - 2.229500e+04 6.544500e+04
71 305 -1 -1 - 1.774400e+04 6.406500e+04
72 331 -1 -1 - 2.818100e+04 6.475700e+04
73 331 -1 -1 - 2.610100e+04 6.426100e+04
74 305 -1 -1 - 1.911500e+04 6.434300e+04
75 378 -1 -1 - 1.227400e+04 5.815200e+04
76 363 -1 -1 - 4.147000e+03 5.044800e+04
77 345 -1 -1 - 1.126200e+04 4.364600e+04
78 279 -1 -1 - 1.445300e+04 5.014600e+04
79 329 -1 -1 - 1.790000e+04 4.996900e+04
80 288 -1 -1 - 1.796900e+04 4.027300e+04
81 337 -1 -1 - 1.191000e+04 3.652400e+04
82 307 -1 -1 - 7.540000e+03 3.271200e+04
83 313 -1 -1 - 5.887000e+03 3.731800e+04
84 345 -1 -1 - 1.269800e+04 4.543600e+04
85 293 -1 -1 - 1.859600e+04 3.621600e+04
86 275 -1 -1 - 2.857700e+04 2.936800e+04
87 272 -1 -1 - 3.192700e+04 3.378100e+04
88 396 -1 -1 - 3.450500e+04 3.088600e+04
89 276 -1 -1 - 3.343900e+04 2.093900e+04
90 281 -1 -1 - 3.711900e+04 2.155800e+04
91 325 -1 -1 - 4.295600e+04 2.661600e+04
92 343 -1 -1 - 4.268300e+04 1.680700e+04
93 304 -1 -1 - 5.061400e+04 1.288500e+04
94 283 -1 -1 - 5.910500e+04 2.165900e+04
95 303 -1 -1 - 6.085200e+04 2.583100e+04
96 358 -1 -1 - 6.074400e+04 2.948400e+04
97 303 -1 -1 - 6.224900e+04 2.598800e+04
98 352 -1 -1 - 6.749000e+04 3.556600e+04
99 352 -1 -1 - 6.904800e+04 3.358100e+04
100 339 -1 -1 - 6.407600e+04 2.477700e+04
101 335 -1 -1 - 5.483700e+04 3.230600e+04
102 356 -1 -1 - 6.517500e+04 2.906400e+04
103 387 -1 -1 - 5.814100e+04 2.325300e+04
104 405 -1 -1 - 5.140900e+04 1.543300e+04
105 410 -1 -1 - 4.131300e+04 1.985700e+04
106 287 -1 -1 - 5.013200e+04 1.439000e+04
107 448 -1 -1 - 6.051500e+04 2.168100e+04
108 339 -1 -1 - 6.558500e+04 2.608400e+04
109 356 -1 -1 - 6.889300e+04 2.895000e+04
110 448 -1 -1 - 5.953900e+04 2.095400e+04
111 422 -1 -1 - 6.583000e+04 1.456900e+04
112 364 -1 -1 - 5.891400e+04 8.021000e+03
113 364 -1 -1 - 6.354100e+04 8.697000e+03
114 359 -1 -1 - 6.168200e+04 1.246400e+04
115 346 -1 -1 - 5.525800e+04 1.483400e+04
116 346 -1 -1 - 5.782800e+04 1.552300e+04
117 359 -1 -1 - 6.207300e+04 1.609500e+04
118 435 -1 -1 - 5.369800e+04 1.202800e+04
119 369 -1 -1 - 5.337700e+04 6.402000e+03
120 323 -1 -1 - 4.832600e+04 6.943000e+03
121 347 -1 -1 - 4.023900e+04 2.766000e+03
122 323 -1 -1 - 4.714700e+04 7.895000e+03
123 369 -1 -1 - 5.530600e+04 2.022000e+03
124 394 -1 -1 - 4.840400e+04 1.272000e+04
125 341 -1 -1 - 5.011900e+04 1.949100e+04
126 419 -1 -1 - 5.437500e+04 1.833300e+04
127 353 -1 -1 - 4.520400e+04 1.092000e+04
128 321 -1 -1 - 4.039800e+04 5.928000e+03
129 344 -1 -1 - 3.386000e+04 1.568100e+04
130 321 -1 -1 - 3.895600e+04 5.317000e+03
131 347 -1 -1 - 3.718900e+04 2.545000e+03
132 271 -1 -1 - 3.267100e+04 1.994900e+04
133 296 -1 -1 - 2.935300e+04 2.706000e+04
134 344 -1 -1 - 3.593400e+04 1.677200e+04
135 343 -1 -1 - 4.388100e+04 1.869600e+04
136 353 -1 -1 - 4.506400e+04 1.437700e+04
137 304 -1 -1 - 5.067200e+04 1.138600e+04
138 287 -1 -1 - 5.077600e+04 1.408700e+04
139 341 -1 -1 - 5.180700e+04 2.074800e+04
140 283 -1 -1 - 5.863800e+04 2.200600e+04
141 335 -1 -1 - 5.721400e+04 3.199500e+04
142 318 -1 -1 - 5.030100e+04 2.696800e+04
143 273 -1 -1 - 4.579600e+04 2.912100e+04
144 274 -1 -1 - 4.572200e+04 2.735600e+04
145 294 -1 -1 - 4.180300e+04 2.303800e+04
146 397 -1 -1 - 5.131000e+04 3.040000e+04
147 421 -1 -1 - 4.158400e+04 3.287100e+04
148 282 -1 -1 - 3.671000e+04 2.494700e+04
149 384 -1 -1 - 4.219500e+04 2.855100e+04
150 463 -1 -1 - 3.172300e+04 2.848600e+04
151 269 -1 -1 - 2.642800e+04 3.749500e+04
152 275 -1 -1 - 2.885500e+04 2.909400e+04
153 328 -1 -1 - 3.795800e+04 2.668600e+04
154 295 -1 -1 - 2.934800e+04 3.470100e+04
155 441 -1 -1 - 2.423500e+04 2.829900e+04
156 361 -1 -1 - 1.404200e+04 2.090300e+04
157 367 -1 -1 - 4.949000e+03 1.428000e+04
158 385 -1 -1 - 1.001400e+04 1.328200e+04
159 374 -1 -1 - 1.082200e+04 7.270000e+03
160 374 -1 -1 - 8.116000e+03 4.512000e+03
161 340 -1 -1 - 1.652100e+04 9.716000e+03
162 302 -1 -1 - 9.762000e+03 1.644000e+03
163 365 -1 -1 - 1.743000e+04 2.460000e+02
164 302 -1 -1 - 8.704000e+03 2.135000e+03
165 340 -1 -1 - 1.585000e+04 7.520000e+03
166 324 -1 -1 - 2.045900e+04 7.827000e+03
167 324 -1 -1 - 2.118900e+04 9.234000e+03
168 317 -1 -1 - 3.101000e+04 1.924600e+04
169 317 -1 -1 - 3.149600e+04 1.782000e+04
170 282 -1 -1 - 3.675200e+04 2.418500e+04
171 328 -1 -1 - 3.621200e+04 2.607300e+04
172 391 -1 -1 - 2.838700e+04 3.170000e+04
173 407 -1 -1 - 3.637300e+04 3.375800e+04
174 269 -1 -1 - 2.626100e+04 3.758900e+04
175 277 -1 -1 - 1.656700e+04 3.627200e+04
176 370 -1 -1 - 1.138700e+04 2.906500e+04
177 360 -1 -1 - 1.382400e+04 3.308500e+04
178 313 -1 -1 - 6.754000e+03 3.642600e+04
179 377 -1 -1 - 3.423000e+03 2.975400e+04
180 412 -1 -1 - 7.903000e+03 3.883400e+04
181 402 -1 -1 - 1.689600e+04 3.687600e+04
182 399 -1 -1 - 2.100500e+04 3.759200e+04
183 386 -1 -1 - 2.447100e+04 3.579300e+04
184 381 -1 -1 - 2.754000e+04 3.438100e+04
185 272 -1 -1 - 3.234800e+04 3.377400e+04
186 291 -1 -1 - 2.541800e+04 3.848600e+04
187 311 -1 -1 - 3.557800e+04 3.513600e+04
188 295 -1 -1 - 3.006500e+04 3.521500e+04
189 413 -1 -1 - 2.812800e+04 3.871700e+04
190 370 -1 -1 - 1.784100e+04 2.912400e+04
191 277 -1 -1 - 1.606900e+04 3.642500e+04
192 360 -1 -1 - 1.420000e+04 3.733500e+04
193 307 -1 -1 - 7.363000e+03 3.121200e+04
194 337 -1 -1 - 1.125100e+04 3.865400e+04
195 403 -1 -1 - 1.292300e+04 4.040500e+04
196 363 -1 -1 - 3.699000e+03 4.572500e+04
197 279 -1 -1 - 1.466900e+04 5.070500e+04
198 333 -1 -1 - 4.754000e+03 6.067000e+04
199 368 -1 -1 - 3.390000e+02 5.774700e+04
200 368 -1 -1 - 3.921000e+03 5.548900e+04
201 333 -1 -1 - 6.084000e+03 6.195700e+04
202 297 -1 -1 - 1.678800e+04 5.551700e+04
203 322 -1 -1 - 2.399600e+04 5.328000e+04
204 301 -1 -1 - 1.982400e+04 6.229100e+04
205 310 -1 -1 - 1.335900e+04 6.104900e+04
206 310 -1 -1 - 1.449500e+04 6.161900e+04
207 297 -1 -1 - 1.744400e+04 5.617800e+04
208 425 -1 -1 - 8.355000e+03 5.189200e+04
209 320 -1 -1 - 2.095100e+04 4.794600e+04
210 320 -1 -1 - 2.294600e+04 4.792000e+04
211 284 -1 -1 - 1.738800e+04 5.397700e+04
212 330 -1 -1 - 2.207900e+04 5.582400e+04
213 308 -1 -1 - 2.742900e+04 5.437900e+04
214 375 -1 -1 - 3.781300e+04 5.926000e+04
215 327 -1 -1 - 2.917500e+04 6.817600e+04
216 338 -1 -1 - 3.476600e+04 6.356900e+04
217 308 -1 -1 - 2.840600e+04 5.508500e+04
218 355 -1 -1 - 2.557600e+04 4.849800e+04
219 326 -1 -1 - 2.574200e+04 4.186200e+04
220 462 -1 -1 - 1.593300e+04 4.771800e+04
221 291 -1 -1 - 2.539000e+04 3.751900e+04
222 298 -1 -1 - 2.908100e+04 4.250800e+04
223 342 -1 -1 - 3.160600e+04 4.234800e+04
224 285 -1 -1 - 4.122700e+04 4.207200e+04
225 440 -1 -1 - 3.545700e+04 4.365700e+04
226 326 -1 -1 - 2.498000e+04 4.033300e+04
227 416 -1 -1 - 2.175500e+04 4.114800e+04
228 357 -1 -1 - 3.141100e+04 4.963000e+04
229 401 -1 -1 - 3.916200e+04 4.777900e+04
230 306 -1 -1 - 3.055900e+04 4.661800e+04
231 268 -1 -1 - 3.707700e+04 4.441300e+04
232 398 -1 -1 - 3.327300e+04 3.540000e+04
233 342 -1 -1 - 3.149400e+04 3.941000e+04
234 285 -1 -1 - 4.079500e+04 4.254000e+04
235 357 -1 -1 - 3.455700e+04 5.039900e+04
236 270 -1 -1 - 3.219700e+04 5.828000e+04
237 322 -1 -1 - 2.276700e+04 5.243800e+04
238 306 -1 -1 - 2.976800e+04 4.575200e+04
239 311 -1 -1 - 3.611000e+04 3.631700e+04
240 273 -1 -1 - 4.565600e+04 2.877800e+04
241 400 -1 -1 - 5.376200e+04 3.825300e+04
242 358 -1 -1 - 6.072700e+04 3.342700e+04
243 348 -1 -1 - 6.040900e+04 3.732000e+04
244 393 -1 -1 - 6.378300e+04 4.001300e+04
245 334 -1 -1 - 5.918400e+04 4.696700e+04
246 290 -1 -1 - 6.109200e+04 4.106300e+04
247 278 -1 -1 - 5.390000e+04 3.622900e+04
248 292 -1 -1 - 4.946400e+04 2.789500e+04
249 354 -1 -1 - 4.549600e+04 3.640000e+04
250 336 -1 -1 - 5.064500e+04 4.395000e+04
251 299 -1 -1 - 5.324800e+04 4.910600e+04
252 380 -1 -1 - 6.160100e+04 5.072700e+04
253 332 -1 -1 - 5.567900e+04 4.216300e+04
254 383 -1 -1 - 5.101000e+04 4.809700e+04
255 290 -1 -1 - 6.071500e+04 4.044600e+04
256 436 -1 -1 - 6.052200e+04 4.520000e+04
257 372 -1 -1 - 6.910100e+04 5.353200e+04
258 372 -1 -1 - 6.556400e+04 4.693100e+04
259 334 -1 -1 - 6.175800e+04 4.686000e+04
260 332 -1 -1 - 5.755600e+04 4.143800e+04
261 299 -1 -1 - 5.471800e+04 4.911600e+04
262 366 -1 -1 - 5.146200e+04 5.464700e+04
263 379 -1 -1 - 5.346000e+04 4.426700e+04
264 280 -1 -1 - 5.410400e+04 3.971700e+04
265 319 -1 -1 - 4.558900e+04 3.437200e+04
266 354 -1 -1 - 4.536900e+04 3.996400e+04
267 268 -1 -1 - 3.703900e+04 4.461100e+04
268 401 231 267 V - -
269 413 151 174 H - -
270 427 7 236 V - -
271 404 37 132 V - -
272 398 87 185 H - -
273 382 143 240 H - -
274 389 34 144 V - -
275 391 86 152 V - -
276 404 36 89 V - -
277 402 175 191 V - -
278 390 17 247 H - -
279 388 78 197 H - -
280 400 19 264 V - -
281 453 25 90 V - -
282 406 148 170 V - -
283 387 94 140 V - -
284 408 57 211 H - -
285 491 224 234 H - -
286 425 55 56 H - -
287 405 106 138 H - -
288 484 54 80 H - -
289 424 61 63 V - -
290 436 246 255 V - -
291 386 186 221 H - -
292 397 23 248 H - -
293 399 50 85 V - -
294 445 30 145 V - -
295 381 154 188 V - -
296 441 49 133 V - -
297 408 202 207 H - -
298 414 1 222 H - -
299 383 251 261 V - -
300 427 5 9 H - -
301 424 58 204 H - -
302 475 162 164 V - -
303 411 95 97 V - -
304 394 137 93 H - -
305 376 71 74 H - -
306 434 230 238 H - -
307 377 82 193 H - -
308 452 213 217 H - -
309 423 62 64 V - -
310 378 205 206 H - -
311 407 187 239 V - -
312 481 28 35 H - -
313 412 83 178 V - -
314 375 3 11 V - -
315 417 51 53 H - -
316 423 59 60 H - -
317 395 168 169 H - -
318 446 33 142 H - -
319 421 32 265 V - -
320 489 209 210 V - -
321 418 128 130 V - -
322 420 203 237 H - -
323 444 120 122 V - -
324 432 166 167 V - -
325 384 91 29 V - -
326 416 219 226 H - -
327 426 8 215 H - -
328 406 153 171 H - -
329 417 52 79 V - -
330 409 69 212 V - -
331 426 72 73 H - -
332 454 253 260 V - -
333 430 198 201 V - -
334 380 245 259 H - -
335 429 101 141 V - -
336 379 18 250 V - -
337 403 81 194 V - -
338 373 4 216 H - -
339 411 100 108 V - -
340 415 161 165 V - -
341 419 125 139 V - -
342 414 233 223 H - -
343 410 92 135 H - -
344 467 129 134 H - -
345 438 77 84 V - -
346 447 115 116 V - -
347 418 121 131 V - -
348 469 21 243 V - -
349 449 14 15 V - -
350 455 46 27 V - -
351 431 39 48 V - -
352 428 98 99 V - -
353 443 127 136 H - -
354 450 266 249 V - -
355 420 2 218 V - -
356 428 109 102 V - -
357 434 235 228 V - -
358 429 242 96 H - -
359 422 114 117 H - -
360 433 177 192 V - -
361 442 40 156 H - -
362 432 38 44 V - -
363 478 76 196 V - -
364 451 112 113 H - -
365 439 163 43 V - -
366 497 13 262 V - -
367 385 41 157 V - -
368 430 199 200 V - -
369 435 123 119 V - -
370 433 190 176 H - -
371 477 10 12 H - -
372 437 257 258 V - -
373 470 6 338 H - -
374 439 159 160 H - -
375 460 214 314 V - -
376 464 70 305 V - -
377 472 179 307 V - -
378 474 75 310 V - -
379 490 263 336 H - -
380 437 252 334 V - -
381 458 184 295 H - -
382 457 24 273 H - -
383 449 254 299 H - -
384 445 149 325 H - -
385 475 158 367 V - -
386 456 183 291 H - -
387 486 103 283 H - -
388 466 67 279 H - -
389 457 31 274 V - -
390 465 22 278 V - -
391 487 172 275 V - -
392 461 68 65 H - -
393 479 20 244 V - -
394 443 124 304 V - -
395 467 45 317 V - -
396 463 88 26 H - -
397 446 146 292 V - -
398 458 232 272 H - -
399 459 182 293 V - -
400 454 241 280 H - -
401 440 229 268 H - -
402 459 181 277 V - -
403 438 195 337 H - -
404 455 271 276 V - -
405 468 104 287 V - -
406 453 282 328 V - -
407 482 173 311 V - -
408 461 284 297 V - -
409 483 66 330 V - -
410 480 105 343 V - -
411 473 303 339 H - -
412 472 180 313 H - -
413 456 189 269 V - -
414 485 298 342 V - -
415 471 42 340 V - -
416 485 227 326 V - -
417 462 315 329 V - -
418 444 321 347 V - -
419 468 126 341 H - -
420 452 322 355 H - -
421 450 147 319 V - -
422 447 111 359 V - -
423 476 309 316 H - -
424 464 289 301 V - -
425 466 208 286 H - -
426 470 327 331 H - -
427 460 270 300 V - -
428 473 352 356 V - -
429 469 358 335 V - -
430 474 333 368 H - -
431 442 47 351 H - -
432 471 362 324 H - -
433 495 370 360 V - -
434 492 357 306 H - -
435 451 369 118 V - -
436 479 290 256 H - -
437 509 372 380 H - -
438 503 345 403 V - -
439 499 365 374 H - -
440 491 225 401 H - -
441 487 155 296 V - -
442 498 361 431 V - -
443 496 353 394 H - -
444 500 418 323 H - -
445 480 294 384 H - -
446 488 318 397 V - -
447 501 346 422 H - -
448 486 107 110 V - -
449 497 349 383 H - -
450 504 354 421 H - -
451 510 364 435 V - -
452 492 308 420 V - -
453 505 281 406 V - -
454 490 332 400 V - -
455 493 350 404 V - -
456 502 386 413 V - -
457 488 382 389 V - -
458 482 381 398 V - -
459 484 399 402 V - -
460 506 375 427 V - -
461 483 392 408 V - -
462 489 220 417 H - -
463 481 150 396 V - -
464 476 376 424 H - -
465 507 390 16 H - -
466 478 425 388 V - -
467 493 344 395 H - -
468 496 419 405 H - -
469 494 348 429 V - -
470 477 426 373 V - -
471 498 415 432 H - -
472 495 377 412 V - -
473 494 428 411 H - -
474 512 430 378 V - -
475 499 385 302 H - -
476 508 423 464 H - -
477 506 371 470 V - -
478 503 363 466 V - -
479 509 393 436 V - -
480 516 410 445 V - -
481 505 312 463 V - -
482 514 407 458 V - -
483 508 409 461 H - -
484 511 288 459 H - -
485 502 414 416 H - -
486 501 387 448 H - -
487 517 391 441 V - -
488 504 446 457 H - -
489 515 320 462 V - -
490 507 379 454 H - -
491 524 285 440 H - -
492 515 434 452 H - -
493 500 455 467 V - -
494 513 469 473 V - -
495 511 433 472 V - -
496 510 443 468 H - -
497 518 366 449 H - -
498 519 442 471 V - -
499 519 439 475 H - -
500 520 444 493 H - -
501 513 447 486 H - -
502 514 456 485 V - -
503 522 438 478 H - -
504 516 450 488 V - -
505 517 453 481 H - -
506 521 460 477 H - -
507 518 465 490 H - -
508 512 476 483 H - -
509 525 437 479 V - -
510 520 451 496 V - -
511 522 495 484 H - -
512 521 474 508 H - -
513 527 494 501 H - -
514 524 482 502 H - -
515 528 492 489 H - -
516 523 480 504 H - -
517 523 487 505 H - -
518 525 497 507 V - -
519 526 498 499 V - -
520 526 510 500 V - -
521 529 506 512 H - -
522 532 503 511 V - -
523 527 516 517 V - -
524 528 491 514 V - -
525 530 509 518 H - -
526 531 519 520 V - -
527 530 513 523 H - -
528 529 515 524 V - -
529 532 521 528 H - -
530 531 525 527 H - -
531 533 526 530 V - -
532 533 522 529 H - -
533 -1 531 532 V - -
