862
1723
1 1075 -1 -1 - 5.124600e+04 5.761000e+04
2 986 -1 -1 - 5.716900e+04 5.209800e+04
3 1031 -1 -1 - 4.815000e+04 6.046400e+04
4 1044 -1 -1 - 5.470100e+04 5.039800e+04
5 1005 -1 -1 - 5.540600e+04 6.308600e+04
6 880 -1 -1 - 4.807800e+04 5.703700e+04
7 1005 -1 -1 - 5.569600e+04 6.422000e+04
8 1038 -1 -1 - 5.211600e+04 5.572500e+04
9 1154 -1 -1 - 6.474300e+04 6.773400e+04
10 1014 -1 -1 - 7.930800e+04 6.688200e+04
11 1339 -1 -1 - 8.184100e+04 5.344600e+04
12 1375 -1 -1 - 9.301700e+04 6.039200e+04
13 1196 -1 -1 - 9.741600e+04 7.300600e+04
14 906 -1 -1 - 9.373400e+04 7.752100e+04
15 881 -1 -1 - 8.102400e+04 6.817900e+04
16 1310 -1 -1 - 9.058800e+04 6.617000e+04
17 1211 -1 -1 - 9.607800e+04 5.711300e+04
18 1026 -1 -1 - 8.479300e+04 5.908000e+04
19 1133 -1 -1 - 7.688000e+04 5.893000e+04
20 911 -1 -1 - 8.847500e+04 5.857300e+04
21 887 -1 -1 - 8.526500e+04 4.615900e+04
22 984 -1 -1 - 9.439000e+04 5.930000e+04
23 1039 -1 -1 - 9.001700e+04 7.088400e+04
24 1093 -1 -1 - 7.607600e+04 7.372200e+04
25 1428 -1 -1 - 8.124500e+04 7.963500e+04
26 1146 -1 -1 - 7.385800e+04 8.041600e+04
27 902 -1 -1 - 6.254700e+04 7.809000e+04
28 1050 -1 -1 - 6.938100e+04 8.166900e+04
29 1247 -1 -1 - 7.095700e+04 9.225800e+04
30 1121 -1 -1 - 6.469500e+04 9.229800e+04
31 1078 -1 -1 - 6.450400e+04 8.203300e+04
32 947 -1 -1 - 7.151400e+04 6.968900e+04
33 1185 -1 -1 - 7.800400e+04 7.337300e+04
34 892 -1 -1 - 8.200600e+04 7.810000e+04
35 1271 -1 -1 - 7.332900e+04 7.336700e+04
36 1062 -1 -1 - 8.681200e+04 7.590900e+04
37 865 -1 -1 - 7.566500e+04 8.186200e+04
38 1102 -1 -1 - 7.586300e+04 7.999500e+04
39 1176 -1 -1 - 7.420400e+04 9.423000e+04
40 1514 -1 -1 - 8.531000e+04 8.448200e+04
41 1173 -1 -1 - 9.278200e+04 9.079400e+04
42 1129 -1 -1 - 9.416900e+04 8.678700e+04
43 906 -1 -1 - 9.340500e+04 7.787200e+04
44 1173 -1 -1 - 9.007600e+04 8.843400e+04
45 1093 -1 -1 - 7.567900e+04 7.548600e+04
46 923 -1 -1 - 6.562300e+04 6.168000e+04
47 948 -1 -1 - 7.537300e+04 5.186400e+04
48 1260 -1 -1 - 8.779000e+04 5.679200e+04
49 920 -1 -1 - 8.915900e+04 4.553600e+04
50 922 -1 -1 - 7.946400e+04 5.976600e+04
51 881 -1 -1 - 8.076500e+04 6.804600e+04
52 1059 -1 -1 - 6.894300e+04 7.017500e+04
53 1068 -1 -1 - 7.578800e+04 6.454200e+04
54 1363 -1 -1 - 9.026700e+04 7.567200e+04
55 1129 -1 -1 - 9.644500e+04 8.727500e+04
56 1060 -1 -1 - 8.451000e+04 7.414300e+04
57 942 -1 -1 - 7.014300e+04 8.544400e+04
58 954 -1 -1 - 7.203900e+04 9.200200e+04
59 1130 -1 -1 - 7.351500e+04 8.609200e+04
60 1130 -1 -1 - 7.425000e+04 8.815600e+04
61 892 -1 -1 - 8.243600e+04 7.820600e+04
62 1043 -1 -1 - 9.129800e+04 7.228500e+04
63 1026 -1 -1 - 8.379100e+04 5.855500e+04
64 912 -1 -1 - 7.164100e+04 4.453300e+04
65 1133 -1 -1 - 7.785500e+04 5.701100e+04
66 1079 -1 -1 - 7.492600e+04 4.530000e+04
67 893 -1 -1 - 6.360800e+04 3.400000e+04
68 1013 -1 -1 - 7.825800e+04 3.911700e+04
69 1158 -1 -1 - 7.955500e+04 3.113700e+04
70 1087 -1 -1 - 7.084200e+04 3.843000e+04
71 1091 -1 -1 - 8.134500e+04 3.923500e+04
72 1206 -1 -1 - 7.514500e+04 3.421600e+04
73 1087 -1 -1 - 6.917900e+04 3.881900e+04
74 904 -1 -1 - 7.250200e+04 4.601200e+04
75 1106 -1 -1 - 8.164000e+04 4.477400e+04
76 1519 -1 -1 - 9.360000e+04 5.520100e+04
77 1318 -1 -1 - 7.997900e+04 6.903200e+04
78 945 -1 -1 - 6.818500e+04 8.274000e+04
79 1235 -1 -1 - 8.153100e+04 8.302500e+04
80 938 -1 -1 - 7.397700e+04 8.901400e+04
81 1112 -1 -1 - 6.480800e+04 8.743200e+04
82 1095 -1 -1 - 5.983300e+04 9.375900e+04
83 945 -1 -1 - 6.781400e+04 8.212200e+04
84 1064 -1 -1 - 6.003300e+04 9.015800e+04
85 1112 -1 -1 - 6.657600e+04 8.813100e+04
86 979 -1 -1 - 5.578800e+04 8.505900e+04
87 1104 -1 -1 - 6.010100e+04 8.504600e+04
88 941 -1 -1 - 5.326600e+04 8.771300e+04
89 1437 -1 -1 - 5.525300e+04 8.749500e+04
90 1194 -1 -1 - 4.318300e+04 9.328600e+04
91 1360 -1 -1 - 3.923600e+04 7.938100e+04
92 972 -1 -1 - 2.945400e+04 7.550800e+04
93 1172 -1 -1 - 2.351500e+04 6.494400e+04
94 1170 -1 -1 - 1.131700e+04 6.126700e+04
95 1080 -1 -1 - 1.839700e+04 4.948300e+04
96 1054 -1 -1 - 2.180900e+04 4.162500e+04
97 1203 -1 -1 - 2.082200e+04 5.256400e+04
98 1141 -1 -1 - 1.470600e+04 4.222100e+04
99 1177 -1 -1 - 2.673000e+03 4.838400e+04
100 1170 -1 -1 - 1.190300e+04 5.721000e+04
101 994 -1 -1 - 1.286000e+04 4.759900e+04
102 1174 -1 -1 - 1.271000e+03 4.290400e+04
103 1350 -1 -1 - 1.526100e+04 4.691000e+04
104 1276 -1 -1 - 5.026000e+03 5.345300e+04
105 1168 -1 -1 - 1.675200e+04 4.901400e+04
106 1278 -1 -1 - 1.869100e+04 6.248400e+04
107 1167 -1 -1 - 5.523000e+03 6.043100e+04
108 1289 -1 -1 - 2.714000e+03 6.690400e+04
109 944 -1 -1 - 2.301800e+04 7.601000e+04
110 1178 -1 -1 - 1.023200e+04 6.773800e+04
111 1289 -1 -1 - 5.945000e+03 7.213000e+04
112 1099 -1 -1 - 1.094400e+04 7.777500e+04
113 1190 -1 -1 - 2.678400e+04 6.934900e+04
114 908 -1 -1 - 2.913000e+04 6.539300e+04
115 1165 -1 -1 - 3.285400e+04 7.793500e+04
116 992 -1 -1 - 4.076400e+04 7.783600e+04
117 1165 -1 -1 - 3.010400e+04 7.931900e+04
118 1179 -1 -1 - 2.675700e+04 8.347500e+04
119 1163 -1 -1 - 3.499500e+04 8.076700e+04
120 980 -1 -1 - 4.630200e+04 8.045000e+04
121 917 -1 -1 - 5.486400e+04 8.598800e+04
122 1004 -1 -1 - 6.569600e+04 7.298900e+04
123 1104 -1 -1 - 5.925600e+04 8.658100e+04
124 917 -1 -1 - 5.438500e+04 8.567600e+04
125 1018 -1 -1 - 4.295200e+04 7.558800e+04
126 1070 -1 -1 - 3.522400e+04 8.839500e+04
127 869 -1 -1 - 3.010300e+04 7.568300e+04
128 1357 -1 -1 - 4.027900e+04 7.469600e+04
129 996 -1 -1 - 2.800000e+04 6.727100e+04
130 1278 -1 -1 - 1.728700e+04 5.643000e+04
131 1169 -1 -1 - 1.451400e+04 6.857000e+04
132 1099 -1 -1 - 9.626000e+03 7.682700e+04
133 1172 -1 -1 - 2.775800e+04 6.419100e+04
134 1056 -1 -1 - 3.554100e+04 6.130800e+04
135 1032 -1 -1 - 4.888100e+04 6.171600e+04
136 1153 -1 -1 - 3.618900e+04 6.906400e+04
137 1144 -1 -1 - 4.168700e+04 5.681900e+04
138 1096 -1 -1 - 5.210600e+04 6.914400e+04
139 1057 -1 -1 - 5.689200e+04 5.482700e+04
140 934 -1 -1 - 6.850800e+04 4.451000e+04
141 904 -1 -1 - 7.185700e+04 4.601200e+04
142 1042 -1 -1 - 5.778800e+04 5.699400e+04
143 1108 -1 -1 - 5.764300e+04 6.621200e+04
144 1221 -1 -1 - 7.044900e+04 6.854400e+04
145 971 -1 -1 - 8.280300e+04 6.946300e+04
146 1198 -1 -1 - 7.025100e+04 7.243200e+04
147 1302 -1 -1 - 6.057300e+04 6.626500e+04
148 1057 -1 -1 - 5.611300e+04 5.580800e+04
149 1114 -1 -1 - 7.064400e+04 6.461300e+04
150 946 -1 -1 - 8.185000e+04 7.030700e+04
151 1092 -1 -1 - 9.349800e+04 6.474900e+04
152 984 -1 -1 - 9.506400e+04 5.988500e+04
153 1039 -1 -1 - 9.016200e+04 6.942800e+04
154 1292 -1 -1 - 8.287000e+04 7.703200e+04
155 899 -1 -1 - 8.305600e+04 8.225100e+04
156 938 -1 -1 - 7.427500e+04 8.965900e+04
157 1176 -1 -1 - 7.876300e+04 9.540300e+04
158 942 -1 -1 - 6.930900e+04 8.531100e+04
159 1146 -1 -1 - 7.320400e+04 7.778800e+04
160 867 -1 -1 - 6.113400e+04 6.751600e+04
161 1037 -1 -1 - 6.694700e+04 5.416300e+04
162 1279 -1 -1 - 7.739200e+04 6.485500e+04
163 1422 -1 -1 - 8.884600e+04 6.222200e+04
164 1191 -1 -1 - 9.211200e+04 6.900900e+04
165 1055 -1 -1 - 8.092400e+04 6.142900e+04
166 1379 -1 -1 - 7.005100e+04 5.975100e+04
167 895 -1 -1 - 7.586200e+04 4.794200e+04
168 1002 -1 -1 - 7.731800e+04 4.137300e+04
169 928 -1 -1 - 7.857600e+04 5.318900e+04
170 1208 -1 -1 - 7.380100e+04 6.766900e+04
171 1089 -1 -1 - 8.355000e+04 7.332300e+04
172 1062 -1 -1 - 8.740400e+04 7.471200e+04
173 1043 -1 -1 - 9.238800e+04 7.283000e+04
174 1092 -1 -1 - 9.275600e+04 6.333800e+04
175 1293 -1 -1 - 8.716300e+04 5.877800e+04
176 961 -1 -1 - 9.456600e+04 5.806000e+04
177 905 -1 -1 - 7.989800e+04 4.851400e+04
178 1037 -1 -1 - 6.775700e+04 5.495100e+04
179 1040 -1 -1 - 6.623800e+04 4.807600e+04
180 1044 -1 -1 - 5.370400e+04 5.104900e+04
181 1210 -1 -1 - 6.404800e+04 4.907200e+04
182 874 -1 -1 - 6.893600e+04 3.633900e+04
183 1436 -1 -1 - 6.444900e+04 4.583100e+04
184 1476 -1 -1 - 6.268800e+04 4.731900e+04
185 872 -1 -1 - 5.577000e+04 6.182900e+04
186 1413 -1 -1 - 5.077200e+04 7.195400e+04
187 879 -1 -1 - 6.076500e+04 8.224500e+04
188 1095 -1 -1 - 5.898100e+04 9.512900e+04
189 941 -1 -1 - 5.352300e+04 8.700500e+04
190 1116 -1 -1 - 4.161500e+04 8.392100e+04
191 1003 -1 -1 - 5.273500e+04 7.813500e+04
192 1012 -1 -1 - 4.829800e+04 9.217800e+04
193 1162 -1 -1 - 4.449000e+04 8.403500e+04
194 1157 -1 -1 - 5.417500e+04 9.070300e+04
195 1003 -1 -1 - 5.293800e+04 7.692400e+04
196 868 -1 -1 - 5.092300e+04 7.307800e+04
197 1019 -1 -1 - 6.217600e+04 6.452200e+04
198 1154 -1 -1 - 6.222800e+04 6.875900e+04
199 1299 -1 -1 - 7.239100e+04 8.217100e+04
200 947 -1 -1 - 7.090700e+04 6.930600e+04
201 865 -1 -1 - 7.557000e+04 8.194100e+04
202 1149 -1 -1 - 6.959700e+04 7.565700e+04
203 1305 -1 -1 - 5.483300e+04 8.017300e+04
204 950 -1 -1 - 5.569100e+04 7.967500e+04
205 1390 -1 -1 - 5.890600e+04 9.250800e+04
206 897 -1 -1 - 6.443600e+04 8.505700e+04
207 1149 -1 -1 - 6.778800e+04 7.722600e+04
208 897 -1 -1 - 6.463600e+04 8.465700e+04
209 1294 -1 -1 - 5.328900e+04 8.622300e+04
210 1023 -1 -1 - 4.530900e+04 7.291500e+04
211 985 -1 -1 - 5.450100e+04 7.893400e+04
212 1019 -1 -1 - 6.068700e+04 6.452000e+04
213 993 -1 -1 - 6.335200e+04 5.011700e+04
214 925 -1 -1 - 7.226800e+04 5.110800e+04
215 1091 -1 -1 - 8.067100e+04 4.071400e+04
216 1098 -1 -1 - 8.965500e+04 5.031500e+04
217 905 -1 -1 - 7.940300e+04 4.866600e+04
218 911 -1 -1 - 8.782300e+04 5.846300e+04
219 878 -1 -1 - 7.365800e+04 7.163500e+04
220 923 -1 -1 - 6.549900e+04 6.239800e+04
221 940 -1 -1 - 6.495800e+04 7.676300e+04
222 1050 -1 -1 - 7.009000e+04 8.266900e+04
223 935 -1 -1 - 5.973800e+04 7.658400e+04
224 1320 -1 -1 - 5.326200e+04 6.479300e+04
225 940 -1 -1 - 6.493200e+04 7.582700e+04
226 1078 -1 -1 - 6.345300e+04 8.115700e+04
227 969 -1 -1 - 5.984200e+04 9.205900e+04
228 866 -1 -1 - 6.159300e+04 9.036500e+04
229 866 -1 -1 - 6.147600e+04 9.029600e+04
230 1171 -1 -1 - 4.765000e+04 9.503200e+04
231 1105 -1 -1 - 5.111300e+04 8.690900e+04
232 1212 -1 -1 - 6.320200e+04 7.390400e+04
233 884 -1 -1 - 5.450500e+04 6.553400e+04
234 884 -1 -1 - 5.472000e+04 6.533600e+04
235 1032 -1 -1 - 5.007800e+04 6.208000e+04
236 1023 -1 -1 - 4.479800e+04 7.191700e+04
237 1097 -1 -1 - 3.385400e+04 6.364800e+04
238 1486 -1 -1 - 3.034700e+04 7.165200e+04
239 908 -1 -1 - 2.945000e+04 6.499100e+04
240 1156 -1 -1 - 2.976300e+04 5.926400e+04
241 1257 -1 -1 - 3.668100e+04 7.149700e+04
242 1109 -1 -1 - 5.001500e+04 8.108500e+04
243 867 -1 -1 - 6.098700e+04 6.755700e+04
244 1152 -1 -1 - 4.870700e+04 6.879100e+04
245 980 -1 -1 - 4.552700e+04 8.000300e+04
246 1152 -1 -1 - 4.787500e+04 7.146500e+04
247 1227 -1 -1 - 4.638800e+04 6.669900e+04
248 907 -1 -1 - 3.736300e+04 7.302900e+04
249 1001 -1 -1 - 4.028900e+04 6.392600e+04
250 1048 -1 -1 - 4.581400e+04 6.968100e+04
251 1297 -1 -1 - 5.120300e+04 6.769800e+04
252 953 -1 -1 - 3.840100e+04 6.429500e+04
253 1144 -1 -1 - 3.881100e+04 5.714700e+04
254 1126 -1 -1 - 2.915900e+04 5.245600e+04
255 1184 -1 -1 - 2.401800e+04 5.918200e+04
256 1081 -1 -1 - 3.485600e+04 5.367000e+04
257 1072 -1 -1 - 2.733600e+04 6.124400e+04
258 1147 -1 -1 - 3.738600e+04 7.447900e+04
259 972 -1 -1 - 2.880900e+04 7.604500e+04
260 1153 -1 -1 - 3.916500e+04 6.850200e+04
261 1109 -1 -1 - 4.786400e+04 8.081500e+04
262 1171 -1 -1 - 5.255200e+04 9.507000e+04
263 1371 -1 -1 - 4.818900e+04 8.882200e+04
264 1070 -1 -1 - 3.581300e+04 8.966100e+04
265 1296 -1 -1 - 3.145200e+04 7.517900e+04
266 1179 -1 -1 - 3.171500e+04 8.594100e+04
267 1018 -1 -1 - 4.270700e+04 7.434500e+04
268 1162 -1 -1 - 4.481300e+04 8.759800e+04
269 935 -1 -1 - 5.923500e+04 7.700400e+04
270 1268 -1 -1 - 6.195400e+04 6.290900e+04
271 878 -1 -1 - 7.358700e+04 7.193000e+04
272 960 -1 -1 - 7.734600e+04 7.101700e+04
273 1266 -1 -1 - 8.454900e+04 8.035700e+04
274 954 -1 -1 - 7.306800e+04 9.205900e+04
275 899 -1 -1 - 8.265200e+04 8.247000e+04
276 1243 -1 -1 - 7.571200e+04 9.012100e+04
277 1286 -1 -1 - 6.142600e+04 8.918700e+04
278 1256 -1 -1 - 6.225800e+04 7.925800e+04
279 960 -1 -1 - 7.687300e+04 7.037300e+04
280 902 -1 -1 - 6.253500e+04 7.871500e+04
281 979 -1 -1 - 5.590900e+04 8.396300e+04
282 985 -1 -1 - 5.472300e+04 7.789700e+04
283 1108 -1 -1 - 5.867700e+04 6.483900e+04
284 1038 -1 -1 - 5.310700e+04 5.511700e+04
285 1065 -1 -1 - 5.801900e+04 6.938300e+04
286 1111 -1 -1 - 4.395500e+04 6.226500e+04
287 1205 -1 -1 - 3.661700e+04 5.562700e+04
288 953 -1 -1 - 3.941200e+04 6.435800e+04
289 868 -1 -1 - 5.102300e+04 7.293100e+04
290 1209 -1 -1 - 4.678100e+04 8.193400e+04
291 1065 -1 -1 - 5.669700e+04 6.986200e+04
292 1048 -1 -1 - 4.560500e+04 7.117100e+04
293 1197 -1 -1 - 5.690200e+04 6.182400e+04
294 872 -1 -1 - 5.574700e+04 6.154000e+04
295 968 -1 -1 - 6.879700e+04 5.154400e+04
296 1110 -1 -1 - 7.402400e+04 4.224700e+04
297 975 -1 -1 - 6.443600e+04 4.027300e+04
298 939 -1 -1 - 5.881000e+04 2.650100e+04
299 1193 -1 -1 - 6.325100e+04 3.871300e+04
300 1288 -1 -1 - 5.396200e+04 3.219700e+04
301 1022 -1 -1 - 5.418800e+04 2.089500e+04
302 1011 -1 -1 - 5.448300e+04 1.321900e+04
303 983 -1 -1 - 6.393400e+04 3.448000e+03
304 1069 -1 -1 - 5.450500e+04 1.686000e+04
305 885 -1 -1 - 6.064900e+04 1.747200e+04
306 877 -1 -1 - 5.252600e+04 8.680000e+03
307 1113 -1 -1 - 6.723300e+04 1.086500e+04
308 1022 -1 -1 - 5.370400e+04 1.987400e+04
309 890 -1 -1 - 6.512900e+04 1.502200e+04
310 964 -1 -1 - 6.588800e+04 1.557100e+04
311 1103 -1 -1 - 7.989800e+04 1.793000e+03
312 1107 -1 -1 - 8.012500e+04 1.561100e+04
313 1125 -1 -1 - 8.267200e+04 1.142900e+04
314 1160 -1 -1 - 9.282200e+04 1.563200e+04
315 1085 -1 -1 - 9.013500e+04 8.214000e+03
316 900 -1 -1 - 8.681400e+04 1.368200e+04
317 900 -1 -1 - 8.737300e+04 1.361400e+04
318 1192 -1 -1 - 7.508700e+04 1.484000e+04
319 1181 -1 -1 - 7.920700e+04 1.183200e+04
320 1230 -1 -1 - 6.745700e+04 2.683800e+04
321 1013 -1 -1 - 7.754400e+04 3.837400e+04
322 1076 -1 -1 - 8.321600e+04 3.558200e+04
323 1098 -1 -1 - 9.145300e+04 4.984800e+04
324 1275 -1 -1 - 9.815200e+04 5.955900e+04
325 961 -1 -1 - 9.500200e+04 5.736800e+04
326 946 -1 -1 - 8.158700e+04 6.958100e+04
327 971 -1 -1 - 8.389000e+04 6.955700e+04
328 1089 -1 -1 - 8.248200e+04 7.232800e+04
329 1114 -1 -1 - 6.814400e+04 6.460600e+04
330 922 -1 -1 - 8.019900e+04 5.986200e+04
331 1311 -1 -1 - 7.487900e+04 5.050100e+04
332 1055 -1 -1 - 8.251800e+04 6.127500e+04
333 1008 -1 -1 - 8.941800e+04 6.561000e+04
334 1233 -1 -1 - 7.618800e+04 6.948000e+04
335 1008 -1 -1 - 8.899000e+04 6.661900e+04
336 1068 -1 -1 - 7.535100e+04 6.592300e+04
337 928 -1 -1 - 7.920700e+04 5.294400e+04
338 973 -1 -1 - 8.458700e+04 5.320100e+04
339 913 -1 -1 - 7.680100e+04 5.388900e+04
340 968 -1 -1 - 6.798900e+04 5.189800e+04
341 1291 -1 -1 - 5.564500e+04 5.921800e+04
342 1035 -1 -1 - 6.625700e+04 5.950900e+04
343 1030 -1 -1 - 5.266500e+04 5.204500e+04
344 962 -1 -1 - 4.413000e+04 4.646500e+04
345 1025 -1 -1 - 3.573800e+04 3.894100e+04
346 1290 -1 -1 - 4.003900e+04 3.277800e+04
347 1143 -1 -1 - 5.465900e+04 4.496200e+04
348 1040 -1 -1 - 6.479800e+04 4.789300e+04
349 1042 -1 -1 - 5.849500e+04 5.791400e+04
350 912 -1 -1 - 7.223200e+04 4.470700e+04
351 891 -1 -1 - 8.641700e+04 3.389300e+04
352 895 -1 -1 - 7.630100e+04 4.807900e+04
353 1034 -1 -1 - 6.853300e+04 3.433000e+04
354 1131 -1 -1 - 8.182300e+04 2.672500e+04
355 955 -1 -1 - 7.577600e+04 2.540600e+04
356 1204 -1 -1 - 6.226200e+04 1.377200e+04
357 1344 -1 -1 - 5.534700e+04 2.762000e+03
358 1214 -1 -1 - 5.662700e+04 2.729600e+04
359 1201 -1 -1 - 5.158800e+04 1.928500e+04
360 1269 -1 -1 - 5.570200e+04 1.025200e+04
361 1024 -1 -1 - 5.217200e+04 4.934000e+03
362 1450 -1 -1 - 6.320400e+04 9.981000e+03
363 1084 -1 -1 - 7.431900e+04 1.688100e+04
364 1232 -1 -1 - 6.316200e+04 1.775000e+04
365 937 -1 -1 - 6.839100e+04 2.721400e+04
366 1245 -1 -1 - 6.759000e+04 3.791900e+04
367 937 -1 -1 - 6.927600e+04 2.726400e+04
368 910 -1 -1 - 7.104400e+04 3.242000e+04
369 1435 -1 -1 - 6.109600e+04 1.806200e+04
370 1186 -1 -1 - 6.438200e+04 2.230500e+04
371 877 -1 -1 - 5.271500e+04 8.521000e+03
372 939 -1 -1 - 5.943900e+04 2.617900e+04
373 888 -1 -1 - 5.463400e+04 3.420400e+04
374 1226 -1 -1 - 6.866200e+04 4.579200e+04
375 1421 -1 -1 - 7.902600e+04 4.797900e+04
376 1034 -1 -1 - 6.961100e+04 3.482700e+04
377 978 -1 -1 - 7.292700e+04 3.788400e+04
378 1122 -1 -1 - 6.222800e+04 2.813200e+04
379 1186 -1 -1 - 6.523300e+04 2.313400e+04
380 1341 -1 -1 - 5.903200e+04 3.592100e+04
381 1082 -1 -1 - 4.922500e+04 2.266800e+04
382 1066 -1 -1 - 4.082400e+04 3.058600e+04
383 1058 -1 -1 - 4.396400e+04 1.922200e+04
384 882 -1 -1 - 4.623800e+04 7.122000e+03
385 1119 -1 -1 - 3.375300e+04 2.720400e+04
386 1425 -1 -1 - 3.089400e+04 1.603700e+04
387 1046 -1 -1 - 3.375600e+04 2.268500e+04
388 1140 -1 -1 - 4.629500e+04 3.334600e+04
389 1263 -1 -1 - 5.897000e+04 3.241600e+04
390 1342 -1 -1 - 7.197600e+04 3.992900e+04
391 948 -1 -1 - 7.484700e+04 5.233400e+04
392 1120 -1 -1 - 6.836000e+04 4.191600e+04
393 1248 -1 -1 - 7.910000e+04 4.913900e+04
394 876 -1 -1 - 7.089000e+04 4.405100e+04
395 1120 -1 -1 - 7.027200e+04 4.121700e+04
396 993 -1 -1 - 6.469100e+04 5.011700e+04
397 1366 -1 -1 - 5.556700e+04 4.728500e+04
398 976 -1 -1 - 6.077800e+04 4.225000e+04
399 958 -1 -1 - 5.564700e+04 3.514700e+04
400 1155 -1 -1 - 4.987200e+04 2.630200e+04
401 1027 -1 -1 - 4.166300e+04 3.483400e+04
402 1046 -1 -1 - 3.233600e+04 2.242700e+04
403 1446 -1 -1 - 4.470700e+04 3.514600e+04
404 1155 -1 -1 - 5.246000e+04 2.522900e+04
405 999 -1 -1 - 5.808200e+04 2.925300e+04
406 976 -1 -1 - 5.964900e+04 4.233100e+04
407 1267 -1 -1 - 6.059500e+04 3.187400e+04
408 1083 -1 -1 - 5.289500e+04 4.109800e+04
409 1122 -1 -1 - 6.215000e+04 3.071900e+04
410 1434 -1 -1 - 7.264100e+04 2.920200e+04
411 997 -1 -1 - 7.722100e+04 3.415000e+04
412 1453 -1 -1 - 7.371200e+04 4.446300e+04
413 1187 -1 -1 - 6.631000e+04 5.240800e+04
414 913 -1 -1 - 7.712400e+04 5.343800e+04
415 936 -1 -1 - 8.621100e+04 4.545400e+04
416 1161 -1 -1 - 7.554100e+04 5.356300e+04
417 1136 -1 -1 - 6.968000e+04 4.805300e+04
418 1460 -1 -1 - 8.015000e+04 4.951100e+04
419 936 -1 -1 - 8.706300e+04 4.553300e+04
420 1142 -1 -1 - 9.507800e+04 3.733500e+04
421 1399 -1 -1 - 8.396100e+04 4.819800e+04
422 921 -1 -1 - 7.873400e+04 4.105500e+04
423 921 -1 -1 - 7.944500e+04 4.117200e+04
424 1118 -1 -1 - 8.415700e+04 3.738700e+04
425 1599 -1 -1 - 9.716300e+04 2.800000e+04
426 998 -1 -1 - 9.667900e+04 2.302600e+04
427 889 -1 -1 - 9.467200e+04 2.683000e+04
428 889 -1 -1 - 9.463500e+04 2.639400e+04
429 1160 -1 -1 - 9.164300e+04 1.821500e+04
430 1085 -1 -1 - 9.017900e+04 6.236000e+03
431 1053 -1 -1 - 7.647500e+04 8.419000e+03
432 1455 -1 -1 - 6.605700e+04 1.789600e+04
433 929 -1 -1 - 5.432300e+04 7.393000e+03
434 959 -1 -1 - 6.411500e+04 2.323600e+04
435 1006 -1 -1 - 5.215400e+04 3.058700e+04
436 888 -1 -1 - 5.465800e+04 3.464900e+04
437 982 -1 -1 - 6.508500e+04 3.199700e+04
438 959 -1 -1 - 6.306500e+04 2.329800e+04
439 982 -1 -1 - 6.485300e+04 3.299400e+04
440 1006 -1 -1 - 5.163400e+04 3.149500e+04
441 875 -1 -1 - 5.940800e+04 3.134500e+04
442 958 -1 -1 - 5.488000e+04 3.548500e+04
443 1159 -1 -1 - 4.557100e+04 4.261900e+04
444 1240 -1 -1 - 4.637400e+04 4.484500e+04
445 1175 -1 -1 - 3.867000e+04 4.984200e+04
446 1440 -1 -1 - 2.770200e+04 4.275400e+04
447 909 -1 -1 - 2.319400e+04 3.138400e+04
448 933 -1 -1 - 1.423400e+04 3.257400e+04
449 1033 -1 -1 - 1.569400e+04 2.097500e+04
450 1515 -1 -1 - 3.412000e+03 1.090800e+04
451 977 -1 -1 - 2.145100e+04 2.668700e+04
452 1051 -1 -1 - 2.608700e+04 1.981500e+04
453 1016 -1 -1 - 1.730500e+04 1.832500e+04
454 949 -1 -1 - 2.876400e+04 3.217500e+04
455 1337 -1 -1 - 2.496000e+04 2.388800e+04
456 1224 -1 -1 - 2.813100e+04 1.935000e+04
457 914 -1 -1 - 2.762700e+04 2.492300e+04
458 1124 -1 -1 - 3.552900e+04 3.622200e+04
459 1213 -1 -1 - 2.822800e+04 3.387600e+04
460 873 -1 -1 - 3.034500e+04 3.398400e+04
461 1009 -1 -1 - 2.558200e+04 2.611700e+04
462 1213 -1 -1 - 2.856100e+04 3.736500e+04
463 1407 -1 -1 - 2.871000e+04 2.541400e+04
464 1229 -1 -1 - 1.849900e+04 3.929700e+04
465 916 -1 -1 - 1.496200e+04 3.488300e+04
466 1177 -1 -1 - 8.398000e+03 4.814200e+04
467 994 -1 -1 - 1.276000e+04 4.635400e+04
468 981 -1 -1 - 2.053800e+04 3.779700e+04
469 981 -1 -1 - 2.051300e+04 3.660000e+04
470 1225 -1 -1 - 1.769600e+04 2.293700e+04
471 1016 -1 -1 - 1.663700e+04 1.913300e+04
472 933 -1 -1 - 1.488700e+04 3.281200e+04
473 1015 -1 -1 - 2.024200e+04 3.208700e+04
474 1074 -1 -1 - 1.641300e+04 3.585600e+04
475 1134 -1 -1 - 2.689000e+03 2.159100e+04
476 1000 -1 -1 - 2.706400e+04 1.541100e+04
477 1033 -1 -1 - 1.643500e+04 2.179800e+04
478 1134 -1 -1 - 3.319000e+03 1.931000e+04
479 995 -1 -1 - 2.542000e+04 3.134800e+04
480 1409 -1 -1 - 1.312000e+04 2.606100e+04
481 915 -1 -1 - 2.396200e+04 3.428100e+04
482 1045 -1 -1 - 3.187400e+04 2.622700e+04
483 1025 -1 -1 - 3.515800e+04 3.799600e+04
484 1298 -1 -1 - 3.645200e+04 3.144300e+04
485 1119 -1 -1 - 3.507900e+04 2.592500e+04
486 989 -1 -1 - 4.133100e+04 1.795900e+04
487 1011 -1 -1 - 5.389700e+04 1.407500e+04
488 886 -1 -1 - 5.618600e+04 1.229900e+04
489 929 -1 -1 - 5.428200e+04 8.232000e+03
490 1007 -1 -1 - 6.174500e+04 1.066900e+04
491 1128 -1 -1 - 4.992500e+04 5.167000e+03
492 1214 -1 -1 - 5.928200e+04 2.750800e+04
493 999 -1 -1 - 5.938200e+04 2.915000e+04
494 991 -1 -1 - 6.426300e+04 1.751600e+04
495 990 -1 -1 - 6.297600e+04 1.907900e+04
496 886 -1 -1 - 5.581000e+04 1.224900e+04
497 1024 -1 -1 - 5.126500e+04 5.543000e+03
498 1052 -1 -1 - 4.105000e+04 2.234600e+04
499 1312 -1 -1 - 3.741400e+04 1.371800e+04
500 1010 -1 -1 - 3.780500e+04 2.782000e+04
501 1049 -1 -1 - 5.162800e+04 1.490000e+04
502 1148 -1 -1 - 4.290500e+04 2.574400e+04
503 1082 -1 -1 - 4.778200e+04 2.213600e+04
504 1017 -1 -1 - 3.388500e+04 8.784000e+03
505 1077 -1 -1 - 3.888400e+04 1.447900e+04
506 1052 -1 -1 - 4.239900e+04 2.197200e+04
507 918 -1 -1 - 5.111700e+04 1.036800e+04
508 882 -1 -1 - 4.631700e+04 7.435000e+03
509 989 -1 -1 - 4.048900e+04 1.840400e+04
510 1115 -1 -1 - 4.199200e+04 8.093000e+03
511 1090 -1 -1 - 3.211100e+04 3.300000e+03
512 1408 -1 -1 - 4.564300e+04 9.260000e+03
513 1355 -1 -1 - 5.142200e+04 2.861200e+04
514 964 -1 -1 - 6.589000e+04 1.443900e+04
515 990 -1 -1 - 6.245800e+04 1.984800e+04
516 898 -1 -1 - 5.748700e+04 1.405800e+04
517 1047 -1 -1 - 5.881600e+04 2.793000e+03
518 1137 -1 -1 - 7.207400e+04 1.261600e+04
519 1295 -1 -1 - 6.085200e+04 2.142600e+04
520 1284 -1 -1 - 6.071400e+04 1.523300e+04
521 1137 -1 -1 - 7.036000e+04 1.385900e+04
522 1007 -1 -1 - 6.189500e+04 1.195100e+04
523 1228 -1 -1 - 6.110500e+04 3.092000e+03
524 1128 -1 -1 - 4.955100e+04 2.790000e+03
525 898 -1 -1 - 5.799800e+04 1.395900e+04
526 1351 -1 -1 - 7.160000e+04 2.361400e+04
527 1195 -1 -1 - 8.312000e+04 1.943700e+04
528 903 -1 -1 - 9.554900e+04 1.376500e+04
529 1125 -1 -1 - 8.444100e+04 1.237600e+04
530 1253 -1 -1 - 7.328800e+04 2.679000e+04
531 893 -1 -1 - 6.412800e+04 3.398000e+04
532 965 -1 -1 - 6.022200e+04 4.738300e+04
533 1301 -1 -1 - 7.097400e+04 4.545700e+04
534 924 -1 -1 - 6.633800e+04 4.670200e+04
535 1002 -1 -1 - 7.624700e+04 4.171500e+04
536 966 -1 -1 - 6.175500e+04 3.557300e+04
537 1061 -1 -1 - 6.130800e+04 2.622500e+04
538 870 -1 -1 - 4.819300e+04 1.456600e+04
539 1017 -1 -1 - 3.522200e+04 8.927000e+03
540 1340 -1 -1 - 4.415200e+04 1.256500e+04
541 1069 -1 -1 - 5.391900e+04 1.809400e+04
542 1140 -1 -1 - 4.835200e+04 3.234200e+04
543 1151 -1 -1 - 3.958800e+04 4.262700e+04
544 871 -1 -1 - 3.076700e+04 3.379600e+04
545 1051 -1 -1 - 2.472200e+04 2.017200e+04
546 1242 -1 -1 - 3.563000e+04 6.827000e+03
547 1000 -1 -1 - 2.837000e+04 1.531300e+04
548 1100 -1 -1 - 4.302500e+04 1.771100e+04
549 1532 -1 -1 - 2.951000e+04 2.188500e+04
550 926 -1 -1 - 2.994300e+04 2.030200e+04
551 1139 -1 -1 - 4.197900e+04 1.378700e+04
552 1224 -1 -1 - 2.859300e+04 1.710100e+04
553 963 -1 -1 - 1.816900e+04 2.557100e+04
554 1101 -1 -1 - 2.352600e+04 3.990400e+04
555 1277 -1 -1 - 3.115300e+04 3.373300e+04
556 1094 -1 -1 - 2.121100e+04 2.375400e+04
557 1218 -1 -1 - 3.178700e+04 2.117400e+04
558 1222 -1 -1 - 3.861400e+04 1.847500e+04
559 1100 -1 -1 - 4.462600e+04 1.701700e+04
560 1300 -1 -1 - 5.887200e+04 3.053500e+04
561 975 -1 -1 - 6.456100e+04 4.135500e+04
562 1200 -1 -1 - 5.051700e+04 5.354200e+04
563 1028 -1 -1 - 4.598200e+04 4.091300e+04
564 1231 -1 -1 - 4.662400e+04 4.810900e+04
565 1216 -1 -1 - 5.825100e+04 4.826500e+04
566 1030 -1 -1 - 5.225300e+04 5.318000e+04
567 1396 -1 -1 - 5.940300e+04 5.396000e+04
568 924 -1 -1 - 6.570100e+04 4.691300e+04
569 1197 -1 -1 - 5.880600e+04 6.033600e+04
570 1374 -1 -1 - 5.773200e+04 7.323700e+04
571 883 -1 -1 - 4.609600e+04 7.719000e+04
572 1163 -1 -1 - 3.205700e+04 8.186200e+04
573 1138 -1 -1 - 3.297900e+04 6.751700e+04
574 1117 -1 -1 - 4.268900e+04 6.835400e+04
575 1138 -1 -1 - 3.141500e+04 6.609100e+04
576 907 -1 -1 - 3.721500e+04 7.247100e+04
577 1021 -1 -1 - 3.518100e+04 7.134100e+04
578 919 -1 -1 - 3.746700e+04 6.186200e+04
579 1072 -1 -1 - 2.655800e+04 6.014300e+04
580 1169 -1 -1 - 1.574700e+04 7.191600e+04
581 1167 -1 -1 - 3.986000e+03 5.768000e+04
582 957 -1 -1 - 2.782400e+04 4.416800e+04
583 1071 -1 -1 - 3.373500e+04 4.611300e+04
584 1370 -1 -1 - 3.445700e+04 4.307000e+04
585 1202 -1 -1 - 2.252100e+04 4.347400e+04
586 1063 -1 -1 - 1.286100e+04 3.503900e+04
587 1086 -1 -1 - 2.715500e+04 3.915100e+04
588 901 -1 -1 - 1.804500e+04 3.096400e+04
589 1009 -1 -1 - 2.461100e+04 2.658300e+04
590 1409 -1 -1 - 1.615800e+04 2.610500e+04
591 1329 -1 -1 - 2.056200e+04 2.859400e+04
592 1219 -1 -1 - 2.706100e+04 2.938400e+04
593 951 -1 -1 - 2.562300e+04 2.144400e+04
594 952 -1 -1 - 1.645600e+04 2.876400e+04
595 1135 -1 -1 - 1.518500e+04 3.888000e+04
596 1241 -1 -1 - 4.736000e+03 2.493200e+04
597 1074 -1 -1 - 1.640000e+04 3.772700e+04
598 1020 -1 -1 - 1.417800e+04 2.700000e+04
599 1135 -1 -1 - 1.385200e+04 3.728800e+04
600 914 -1 -1 - 2.818100e+04 2.470200e+04
601 909 -1 -1 - 2.354700e+04 3.100200e+04
602 1244 -1 -1 - 3.073900e+04 2.915200e+04
603 1054 -1 -1 - 2.126100e+04 4.043500e+04
604 1234 -1 -1 - 1.186300e+04 2.814100e+04
605 952 -1 -1 - 1.714000e+04 2.914500e+04
606 1274 -1 -1 - 1.690400e+04 3.440900e+04
607 977 -1 -1 - 2.027600e+04 2.672400e+04
608 1255 -1 -1 - 1.665500e+04 3.140000e+04
609 1188 -1 -1 - 1.250200e+04 2.061800e+04
610 1145 -1 -1 - 2.041400e+04 8.488000e+03
611 1364 -1 -1 - 2.058600e+04 1.240500e+04
612 1090 -1 -1 - 3.259300e+04 4.938000e+03
613 1115 -1 -1 - 4.246100e+04 1.015400e+04
614 1273 -1 -1 - 5.690200e+04 1.544800e+04
615 1166 -1 -1 - 6.857300e+04 4.126000e+03
616 1084 -1 -1 - 7.297200e+04 1.754400e+04
617 1127 -1 -1 - 7.070900e+04 9.309000e+03
618 1443 -1 -1 - 6.000200e+04 1.729800e+04
619 1431 -1 -1 - 7.428100e+04 3.050600e+04
620 1158 -1 -1 - 7.966900e+04 3.471800e+04
621 1217 -1 -1 - 7.816000e+04 2.454900e+04
622 927 -1 -1 - 9.092600e+04 1.165400e+04
623 1272 -1 -1 - 9.518100e+04 2.592100e+04
624 1142 -1 -1 - 9.232400e+04 3.696300e+04
625 920 -1 -1 - 8.893300e+04 4.494800e+04
626 1395 -1 -1 - 9.758800e+04 4.271400e+04
627 973 -1 -1 - 8.379500e+04 5.280100e+04
628 1014 -1 -1 - 8.076600e+04 6.689300e+04
629 1102 -1 -1 - 7.766400e+04 8.049700e+04
630 1235 -1 -1 - 7.828500e+04 8.485600e+04
631 1060 -1 -1 - 8.508700e+04 7.294100e+04
632 1283 -1 -1 - 8.062000e+04 5.928500e+04
633 1423 -1 -1 - 7.089400e+04 7.040600e+04
634 1004 -1 -1 - 6.572200e+04 7.159400e+04
635 1075 -1 -1 - 5.124200e+04 5.949400e+04
636 965 -1 -1 - 6.028100e+04 4.630300e+04
637 1265 -1 -1 - 5.155500e+04 3.493200e+04
638 966 -1 -1 - 6.102600e+04 3.515500e+04
639 974 -1 -1 - 4.715900e+04 4.687300e+04
640 1151 -1 -1 - 3.814200e+04 4.465200e+04
641 915 -1 -1 - 2.347500e+04 3.458000e+04
642 1124 -1 -1 - 3.715700e+04 3.514900e+04
643 1083 -1 -1 - 5.131800e+04 4.068900e+04
644 1061 -1 -1 - 6.273000e+04 2.658600e+04
645 1113 -1 -1 - 6.783000e+04 1.277200e+04
646 1220 -1 -1 - 5.995200e+04 2.418600e+04
647 918 -1 -1 - 5.160200e+04 1.067900e+04
648 1250 -1 -1 - 3.824700e+04 2.491800e+04
649 1067 -1 -1 - 4.897300e+04 3.618100e+04
650 1249 -1 -1 - 5.326800e+04 2.401300e+04
651 1139 -1 -1 - 4.078400e+04 1.195200e+04
652 1182 -1 -1 - 4.398700e+04 1.411000e+03
653 1262 -1 -1 - 3.423400e+04 8.060000e+02
654 1010 -1 -1 - 3.759400e+04 2.659400e+04
655 1066 -1 -1 - 4.049700e+04 2.911200e+04
656 1335 -1 -1 - 4.543100e+04 3.842100e+04
657 931 -1 -1 - 5.377600e+04 2.495600e+04
658 1077 -1 -1 - 3.920900e+04 1.289000e+04
659 1123 -1 -1 - 4.628200e+04 2.759500e+04
660 1252 -1 -1 - 4.256800e+04 3.032000e+04
661 1027 -1 -1 - 4.058700e+04 3.530000e+04
662 1123 -1 -1 - 4.488600e+04 2.888400e+04
663 1148 -1 -1 - 4.126600e+04 2.741300e+04
664 1049 -1 -1 - 5.012800e+04 1.470000e+04
665 1058 -1 -1 - 4.237600e+04 1.939600e+04
666 870 -1 -1 - 4.830600e+04 1.440000e+04
667 983 -1 -1 - 6.292900e+04 3.221000e+03
668 1047 -1 -1 - 5.775300e+04 3.426000e+03
669 1029 -1 -1 - 5.808200e+04 2.494100e+04
670 885 -1 -1 - 6.057700e+04 1.712500e+04
671 932 -1 -1 - 6.765800e+04 2.190800e+04
672 1041 -1 -1 - 8.185100e+04 1.637400e+04
673 1414 -1 -1 - 7.503900e+04 2.182500e+04
674 967 -1 -1 - 7.759300e+04 2.145200e+04
675 1348 -1 -1 - 8.696800e+04 2.799500e+04
676 1150 -1 -1 - 8.888700e+04 2.582700e+04
677 1362 -1 -1 - 8.074000e+04 2.350900e+04
678 1441 -1 -1 - 9.392700e+04 3.064400e+04
679 1377 -1 -1 - 9.281400e+04 2.355200e+04
680 891 -1 -1 - 8.651400e+04 3.346700e+04
681 1164 -1 -1 - 9.089800e+04 3.580400e+04
682 988 -1 -1 - 9.153600e+04 3.756800e+04
683 956 -1 -1 - 9.722100e+04 4.717300e+04
684 1382 -1 -1 - 9.276800e+04 4.474200e+04
685 1118 -1 -1 - 8.635700e+04 3.699300e+04
686 1254 -1 -1 - 9.403500e+04 4.770900e+04
687 988 -1 -1 - 9.058600e+04 3.723400e+04
688 1150 -1 -1 - 8.611100e+04 2.519500e+04
689 1076 -1 -1 - 8.320600e+04 3.370200e+04
690 955 -1 -1 - 7.661800e+04 2.516200e+04
691 978 -1 -1 - 7.214300e+04 3.745500e+04
692 1282 -1 -1 - 5.986200e+04 4.069200e+04
693 1159 -1 -1 - 4.892900e+04 4.221600e+04
694 894 -1 -1 - 5.965400e+04 3.334900e+04
695 1067 -1 -1 - 4.733300e+04 3.635100e+04
696 970 -1 -1 - 3.338500e+04 3.452500e+04
697 926 -1 -1 - 3.038200e+04 2.072900e+04
698 1356 -1 -1 - 2.119600e+04 2.014200e+04
699 949 -1 -1 - 2.784500e+04 3.227100e+04
700 1407 -1 -1 - 2.835300e+04 2.336200e+04
701 963 -1 -1 - 1.801200e+04 2.459500e+04
702 1020 -1 -1 - 1.397100e+04 2.828400e+04
703 1180 -1 -1 - 4.047000e+03 3.575600e+04
704 1101 -1 -1 - 2.189000e+04 3.924000e+04
705 1246 -1 -1 - 2.960500e+04 4.514000e+04
706 1168 -1 -1 - 1.527500e+04 5.185400e+04
707 1174 -1 -1 - 4.556000e+03 4.106100e+04
708 1063 -1 -1 - 1.180400e+04 3.577100e+04
709 1094 -1 -1 - 2.210100e+04 2.247800e+04
710 1281 -1 -1 - 3.358800e+04 2.423500e+04
711 995 -1 -1 - 2.578800e+04 3.035800e+04
712 1237 -1 -1 - 2.595900e+04 1.795100e+04
713 1145 -1 -1 - 2.261200e+04 9.530000e+03
714 1045 -1 -1 - 3.207000e+04 2.768500e+04
715 871 -1 -1 - 3.055400e+04 3.386900e+04
716 1215 -1 -1 - 3.588600e+04 4.049000e+04
717 1326 -1 -1 - 3.143600e+04 5.110500e+04
718 896 -1 -1 - 1.796900e+04 4.424500e+04
719 1073 -1 -1 - 9.663000e+03 3.004900e+04
720 1207 -1 -1 - 9.170000e+03 4.171500e+04
721 901 -1 -1 - 1.760000e+04 3.114900e+04
722 916 -1 -1 - 1.533200e+04 3.530100e+04
723 951 -1 -1 - 2.649100e+04 2.160700e+04
724 1259 -1 -1 - 1.434000e+04 3.177700e+04
725 1236 -1 -1 - 2.717500e+04 2.590300e+04
726 1086 -1 -1 - 2.579400e+04 3.983000e+04
727 1239 -1 -1 - 3.222400e+04 3.482400e+04
728 1015 -1 -1 - 2.072900e+04 3.110500e+04
729 873 -1 -1 - 3.026100e+04 3.375600e+04
730 1071 -1 -1 - 3.254700e+04 4.543700e+04
731 962 -1 -1 - 4.414600e+04 4.535000e+04
732 1291 -1 -1 - 5.649900e+04 5.758000e+04
733 1117 -1 -1 - 4.223200e+04 6.624900e+04
734 1147 -1 -1 - 3.711800e+04 7.750100e+04
735 1189 -1 -1 - 3.972000e+04 8.641500e+04
736 992 -1 -1 - 4.154200e+04 7.838900e+04
737 1378 -1 -1 - 3.453300e+04 9.227300e+04
738 1405 -1 -1 - 4.424600e+04 7.942100e+04
739 1012 -1 -1 - 4.894000e+04 9.137100e+04
740 1105 -1 -1 - 4.897400e+04 8.666800e+04
741 1116 -1 -1 - 4.141900e+04 8.158500e+04
742 869 -1 -1 - 3.032000e+04 7.572200e+04
743 1021 -1 -1 - 3.466900e+04 7.035900e+04
744 930 -1 -1 - 2.578400e+04 7.450900e+04
745 996 -1 -1 - 2.876700e+04 6.667100e+04
746 944 -1 -1 - 2.287800e+04 7.517700e+04
747 919 -1 -1 - 3.703300e+04 6.223000e+04
748 1303 -1 -1 - 5.137300e+04 7.339800e+04
749 1264 -1 -1 - 4.734500e+04 7.463800e+04
750 1111 -1 -1 - 4.241600e+04 6.136100e+04
751 987 -1 -1 - 3.367200e+04 5.519400e+04
752 1081 -1 -1 - 3.580000e+04 5.264600e+04
753 1028 -1 -1 - 4.644400e+04 3.983000e+04
754 894 -1 -1 - 5.963000e+04 3.281400e+04
755 1308 -1 -1 - 7.200900e+04 4.328500e+04
756 997 -1 -1 - 7.785700e+04 3.340600e+04
757 1223 -1 -1 - 8.484400e+04 2.291600e+04
758 927 -1 -1 - 9.145100e+04 1.199700e+04
759 903 -1 -1 - 9.535300e+04 1.421300e+04
760 998 -1 -1 - 9.617300e+04 2.390900e+04
761 1270 -1 -1 - 8.776800e+04 1.010800e+04
762 1107 -1 -1 - 7.950400e+04 1.739300e+04
763 1327 -1 -1 - 7.762900e+04 1.616800e+04
764 1322 -1 -1 - 9.043900e+04 1.337800e+04
765 1181 -1 -1 - 7.733200e+04 9.399000e+03
766 1183 -1 -1 - 7.565500e+04 6.070000e+02
767 1529 -1 -1 - 7.877900e+04 2.203700e+04
768 1223 -1 -1 - 8.833200e+04 2.231000e+04
769 1285 -1 -1 - 9.662000e+04 1.838600e+04
770 1270 -1 -1 - 9.131500e+04 1.068200e+04
771 1041 -1 -1 - 8.216700e+04 1.768300e+04
772 943 -1 -1 - 7.424700e+04 2.824400e+04
773 967 -1 -1 - 7.779700e+04 2.240800e+04
774 890 -1 -1 - 6.502800e+04 1.463700e+04
775 1127 -1 -1 - 7.314000e+04 8.991000e+03
776 932 -1 -1 - 6.844000e+04 2.180100e+04
777 1307 -1 -1 - 5.567100e+04 1.757900e+04
778 1166 -1 -1 - 6.850500e+04 8.214000e+03
779 1103 -1 -1 - 8.107800e+04 2.990000e+03
780 1287 -1 -1 - 7.827400e+04 1.953500e+04
781 1088 -1 -1 - 8.437100e+04 3.197700e+04
782 863 -1 -1 - 7.055700e+04 2.206900e+04
783 1088 -1 -1 - 8.408900e+04 3.020600e+04
784 1304 -1 -1 - 7.925100e+04 4.031800e+04
785 934 -1 -1 - 6.823300e+04 4.386800e+04
786 1036 -1 -1 - 6.045500e+04 5.734000e+04
787 1143 -1 -1 - 5.653500e+04 4.368700e+04
788 1261 -1 -1 - 4.930100e+04 5.722300e+04
789 1096 -1 -1 - 5.380600e+04 6.859000e+04
790 1199 -1 -1 - 5.128900e+04 6.264500e+04
791 1231 -1 -1 - 4.870100e+04 4.815300e+04
792 970 -1 -1 - 3.445000e+04 3.462900e+04
793 1175 -1 -1 - 3.403500e+04 4.898000e+04
794 957 -1 -1 - 2.675400e+04 4.413800e+04
795 1352 -1 -1 - 1.949000e+04 4.299600e+04
796 1203 -1 -1 - 2.128400e+04 4.874400e+04
797 1338 -1 -1 - 2.472500e+04 3.608100e+04
798 1073 -1 -1 - 1.075100e+04 3.084400e+04
799 896 -1 -1 - 1.819900e+04 4.459300e+04
800 1141 -1 -1 - 1.251100e+04 4.131200e+04
801 1080 -1 -1 - 1.981000e+04 5.003200e+04
802 1156 -1 -1 - 3.342900e+04 5.926800e+04
803 1126 -1 -1 - 3.079400e+04 5.354400e+04
804 987 -1 -1 - 3.494400e+04 5.520000e+04
805 1001 -1 -1 - 4.137100e+04 6.425200e+04
806 1258 -1 -1 - 3.890500e+04 6.052000e+04
807 930 -1 -1 - 2.645100e+04 7.472600e+04
808 1056 -1 -1 - 3.446900e+04 6.062000e+04
809 1097 -1 -1 - 3.237900e+04 6.443600e+04
810 883 -1 -1 - 4.649800e+04 7.720000e+04
811 950 -1 -1 - 5.601300e+04 8.037200e+04
812 879 -1 -1 - 6.098300e+04 8.240500e+04
813 1251 -1 -1 - 6.244900e+04 9.639300e+04
814 969 -1 -1 - 6.020800e+04 9.125700e+04
815 1313 -1 -1 - 6.411800e+04 8.357800e+04
816 1064 -1 -1 - 5.824400e+04 9.015000e+04
817 1121 -1 -1 - 6.319700e+04 9.344000e+04
818 1157 -1 -1 - 5.134300e+04 8.984600e+04
819 1212 -1 -1 - 6.168800e+04 7.603900e+04
820 1463 -1 -1 - 6.386800e+04 6.183800e+04
821 1059 -1 -1 - 6.932600e+04 7.155700e+04
822 1456 -1 -1 - 7.214100e+04 7.161900e+04
823 1035 -1 -1 - 6.691700e+04 5.857400e+04
824 1280 -1 -1 - 6.261600e+04 5.787200e+04
825 1079 -1 -1 - 7.569400e+04 4.647000e+04
826 876 -1 -1 - 7.101700e+04 4.383400e+04
827 875 -1 -1 - 5.956900e+04 3.152500e+04
828 863 -1 -1 - 7.055000e+04 2.209200e+04
829 1053 -1 -1 - 7.486100e+04 8.296000e+03
830 1435 -1 -1 - 6.160100e+04 1.744900e+04
831 1473 -1 -1 - 5.850600e+04 1.117300e+04
832 931 -1 -1 - 5.402200e+04 2.559500e+04
833 991 -1 -1 - 6.498800e+04 1.694600e+04
834 864 -1 -1 - 6.128200e+04 1.861100e+04
835 864 -1 -1 - 6.125800e+04 1.860400e+04
836 943 -1 -1 - 7.492000e+04 2.854000e+04
837 1393 -1 -1 - 6.548100e+04 4.175200e+04
838 986 -1 -1 - 5.757500e+04 5.122700e+04
839 1136 -1 -1 - 6.907800e+04 5.039700e+04
840 925 -1 -1 - 7.145100e+04 5.105900e+04
841 1238 -1 -1 - 6.504800e+04 6.322200e+04
842 1161 -1 -1 - 7.451200e+04 5.641900e+04
843 887 -1 -1 - 8.513100e+04 4.586400e+04
844 956 -1 -1 - 9.709800e+04 4.620900e+04
845 1164 -1 -1 - 9.068400e+04 3.198000e+04
846 1106 -1 -1 - 8.023900e+04 4.575500e+04
847 1391 -1 -1 - 7.361700e+04 3.568500e+04
848 910 -1 -1 - 7.175900e+04 3.237900e+04
849 1131 -1 -1 - 7.986000e+04 2.585000e+04
850 874 -1 -1 - 6.913500e+04 3.620700e+04
851 1029 -1 -1 - 5.730300e+04 2.570800e+04
852 1324 -1 -1 - 5.276700e+04 3.907900e+04
853 1132 -1 -1 - 5.196700e+04 4.835700e+04
854 1036 -1 -1 - 6.089600e+04 5.618400e+04
855 1187 -1 -1 - 6.646800e+04 4.995100e+04
856 1132 -1 -1 - 5.390000e+04 4.929500e+04
857 880 -1 -1 - 4.805700e+04 5.666800e+04
858 974 -1 -1 - 4.757800e+04 4.766000e+04
859 1031 -1 -1 - 4.731100e+04 6.117900e+04
860 1210 -1 -1 - 6.118700e+04 4.958600e+04
861 1110 -1 -1 - 7.510200e+04 4.089100e+04
862 1539 -1 -1 - 8.663300e+04 4.227800e+04
863 1351 782 828 H - -
864 1295 834 835 H - -
865 1331 37 201 V - -
866 1286 228 229 H - -
867 1302 160 243 V - -
868 1303 196 289 V - -
869 1296 127 742 V - -
870 1365 538 666 H - -
871 1277 544 715 H - -
872 1316 185 294 H - -
873 1454 460 729 V - -
874 1314 182 850 V - -
875 1267 441 827 V - -
876 1301 394 826 V - -
877 1349 306 371 H - -
878 1271 219 271 V - -
879 1361 187 812 V - -
880 1261 6 857 H - -
881 1318 15 51 V - -
882 1182 384 508 V - -
883 1264 571 810 V - -
884 1320 233 234 H - -
885 1284 305 670 H - -
886 1269 488 496 V - -
887 1317 21 843 H - -
888 1447 373 436 H - -
889 1272 427 428 H - -
890 1306 309 774 H - -
891 1384 351 680 H - -
892 1292 34 61 H - -
893 1353 67 531 H - -
894 1263 694 754 H - -
895 1358 167 352 H - -
896 1352 718 799 H - -
897 1313 206 208 V - -
898 1273 516 525 H - -
899 1266 155 275 H - -
900 1410 316 317 H - -
901 1255 588 721 V - -
902 1256 27 280 V - -
903 1505 528 759 H - -
904 1449 74 141 H - -
905 1248 177 217 V - -
906 1504 14 43 H - -
907 1257 248 576 H - -
908 1372 114 239 V - -
909 1417 447 601 V - -
910 1434 368 848 H - -
911 1260 20 218 V - -
912 1308 64 350 V - -
913 1354 339 414 V - -
914 1236 457 600 H - -
915 1338 481 641 H - -
916 1274 465 722 H - -
917 1328 121 124 V - -
918 1398 507 647 H - -
919 1258 578 747 H - -
920 1382 49 625 H - -
921 1304 422 423 H - -
922 1283 50 330 V - -
923 1238 46 220 H - -
924 1309 534 568 H - -
925 1470 214 840 H - -
926 1218 550 697 H - -
927 1322 622 758 H - -
928 1354 169 337 V - -
929 1349 433 489 V - -
930 1380 744 807 V - -
931 1249 657 832 V - -
932 1429 671 776 V - -
933 1259 448 472 H - -
934 1226 140 785 V - -
935 1412 223 269 H - -
936 1317 415 419 V - -
937 1230 365 367 V - -
938 1243 80 156 H - -
939 1220 298 372 V - -
940 1376 221 225 V - -
941 1294 88 189 V - -
942 1567 57 158 H - -
943 1253 772 836 H - -
944 1452 109 746 H - -
945 1439 78 83 V - -
946 1315 150 326 V - -
947 1208 32 200 H - -
948 1311 47 391 H - -
949 1404 454 699 V - -
950 1305 204 811 H - -
951 1458 593 723 H - -
952 1469 594 605 H - -
953 1321 252 288 H - -
954 1247 58 274 H - -
955 1217 355 690 V - -
956 1254 683 844 V - -
957 1246 582 794 V - -
958 1265 399 442 H - -
959 1520 434 438 H - -
960 1233 272 279 V - -
961 1211 176 325 V - -
962 1240 344 731 H - -
963 1225 553 701 H - -
964 1306 310 514 H - -
965 1216 532 636 H - -
966 1341 536 638 V - -
967 1287 674 773 V - -
968 1368 295 340 H - -
969 1325 227 814 V - -
970 1239 696 792 H - -
971 1315 145 327 H - -
972 1380 259 92 V - -
973 1339 338 627 H - -
974 1462 639 858 V - -
975 1193 297 561 V - -
976 1282 398 406 H - -
977 1329 451 607 H - -
978 1342 377 691 H - -
979 1328 86 281 H - -
980 1209 120 245 V - -
981 1229 468 469 H - -
982 1353 437 439 V - -
983 1228 303 667 H - -
984 1275 22 152 H - -
985 1323 211 282 V - -
986 1396 2 838 V - -
987 1499 751 804 V - -
988 1346 682 687 V - -
989 1222 486 509 H - -
990 1444 495 515 H - -
991 1232 494 833 H - -
992 1360 116 736 H - -
993 1426 213 396 H - -
994 1350 101 467 H - -
995 1219 479 711 V - -
996 1190 129 745 V - -
997 1206 411 756 H - -
998 1377 426 760 V - -
999 1300 405 493 V - -
1000 1425 476 547 V - -
1001 1321 805 249 V - -
1002 1336 168 535 V - -
1003 1323 191 195 H - -
1004 1574 122 634 V - -
1005 1316 5 7 H - -
1006 1288 435 440 V - -
1007 1204 490 522 H - -
1008 1310 333 335 H - -
1009 1337 461 589 V - -
1010 1250 500 654 V - -
1011 1472 302 487 V - -
1012 1194 192 739 V - -
1013 1558 68 321 H - -
1014 1464 10 628 H - -
1015 1417 473 728 H - -
1016 1438 453 471 H - -
1017 1242 504 539 H - -
1018 1357 125 267 V - -
1019 1268 197 212 H - -
1020 1234 598 702 V - -
1021 1401 577 743 V - -
1022 1201 301 308 V - -
1023 1333 210 236 H - -
1024 1359 361 497 V - -
1025 1215 345 483 H - -
1026 1293 18 63 H - -
1027 1290 401 661 H - -
1028 1335 563 753 H - -
1029 1461 669 851 H - -
1030 1200 343 566 H - -
1031 1424 3 859 V - -
1032 1199 135 235 H - -
1033 1188 449 477 H - -
1034 1314 353 376 H - -
1035 1379 342 823 H - -
1036 1280 786 854 H - -
1037 1403 161 178 V - -
1038 1466 8 284 H - -
1039 1191 23 153 V - -
1040 1309 348 179 V - -
1041 1195 672 771 H - -
1042 1397 142 349 V - -
1043 1196 62 173 V - -
1044 1334 4 180 V - -
1045 1244 482 714 H - -
1046 1392 387 402 V - -
1047 1344 517 668 H - -
1048 1333 250 292 H - -
1049 1365 501 664 H - -
1050 1299 28 222 H - -
1051 1237 452 545 H - -
1052 1418 498 506 V - -
1053 1385 431 829 H - -
1054 1202 96 603 V - -
1055 1457 165 332 H - -
1056 1386 134 808 V - -
1057 1397 139 148 V - -
1058 1345 383 665 V - -
1059 1198 52 821 H - -
1060 1319 56 631 V - -
1061 1367 537 644 H - -
1062 1363 36 172 V - -
1063 1427 586 708 V - -
1064 1325 816 84 V - -
1065 1374 285 291 V - -
1066 1252 382 655 V - -
1067 1373 649 695 V - -
1068 1279 53 336 V - -
1069 1307 304 541 V - -
1070 1378 126 264 H - -
1071 1370 583 730 H - -
1072 1184 257 579 V - -
1073 1389 719 798 V - -
1074 1332 597 474 H - -
1075 1541 1 635 H - -
1076 1384 322 689 V - -
1077 1312 505 658 V - -
1078 1361 31 226 V - -
1079 1358 66 825 H - -
1080 1445 95 801 V - -
1081 1205 752 256 H - -
1082 1442 381 503 H - -
1083 1324 408 643 H - -
1084 1192 363 616 H - -
1085 1534 315 430 H - -
1086 1369 587 726 H - -
1087 1245 70 73 H - -
1088 1477 781 783 H - -
1089 1319 328 171 V - -
1090 1262 511 612 H - -
1091 1420 71 215 H - -
1092 1375 151 174 H - -
1093 1185 24 45 V - -
1094 1356 556 709 H - -
1095 1251 188 82 V - -
1096 1297 138 789 V - -
1097 1347 237 809 H - -
1098 1502 216 323 V - -
1099 1513 112 132 V - -
1100 1345 559 548 V - -
1101 1369 554 704 H - -
1102 1331 629 38 V - -
1103 1183 311 779 H - -
1104 1487 87 123 H - -
1105 1371 231 740 H - -
1106 1421 75 846 V - -
1107 1327 312 762 V - -
1108 1411 143 283 V - -
1109 1546 242 261 H - -
1110 1336 296 861 V - -
1111 1416 286 750 V - -
1112 1419 81 85 V - -
1113 1383 307 645 V - -
1114 1221 149 329 H - -
1115 1408 510 613 H - -
1116 1490 190 741 H - -
1117 1227 574 733 V - -
1118 1533 424 685 H - -
1119 1281 485 385 V - -
1120 1482 395 392 V - -
1121 1432 30 817 H - -
1122 1367 409 378 H - -
1123 1343 659 662 V - -
1124 1298 642 458 V - -
1125 1451 313 529 V - -
1126 1326 254 803 H - -
1127 1385 617 775 V - -
1128 1359 524 491 H - -
1129 1381 42 55 H - -
1130 1433 59 60 V - -
1131 1362 354 849 V - -
1132 1334 853 856 V - -
1133 1535 19 65 V - -
1134 1241 475 478 V - -
1135 1332 599 595 H - -
1136 1368 417 839 H - -
1137 1383 518 521 V - -
1138 1347 573 575 V - -
1139 1340 551 651 H - -
1140 1373 388 542 H - -
1141 1207 98 800 V - -
1142 1346 420 624 V - -
1143 1366 347 787 H - -
1144 1388 137 253 H - -
1145 1364 610 713 V - -
1146 1489 159 26 V - -
1147 1536 734 258 V - -
1148 1343 502 663 H - -
1149 1376 202 207 H - -
1150 1348 676 688 V - -
1151 1406 543 640 H - -
1152 1413 244 246 H - -
1153 1607 260 136 H - -
1154 1523 9 198 H - -
1155 1355 400 404 H - -
1156 1386 240 802 H - -
1157 1562 194 818 H - -
1158 1415 69 620 V - -
1159 1400 693 443 H - -
1160 1285 314 429 H - -
1161 1448 842 416 V - -
1162 1189 268 193 V - -
1163 1330 119 572 V - -
1164 1394 845 681 V - -
1165 1330 115 117 V - -
1166 1430 615 778 V - -
1167 1276 107 581 V - -
1168 1445 706 105 V - -
1169 1178 131 580 H - -
1170 1509 94 100 V - -
1171 1484 262 230 H - -
1172 1372 93 133 V - -
1173 1381 41 44 V - -
1174 1180 102 707 H - -
1175 1516 445 793 H - -
1176 1402 157 39 H - -
1177 1387 99 466 H - -
1178 1513 110 1169 V - -
1179 1495 118 266 H - -
1180 1387 703 1174 V - -
1181 1507 319 765 V - -
1182 1506 652 882 V - -
1183 1556 766 1103 H - -
1184 1604 255 1072 H - -
1185 1483 33 1093 V - -
1186 1429 379 370 V - -
1187 1403 413 855 V - -
1188 1438 609 1033 H - -
1189 1542 735 1162 H - -
1190 1468 113 996 V - -
1191 1528 164 1039 H - -
1192 1545 318 1084 H - -
1193 1393 299 975 H - -
1194 1484 90 1012 H - -
1195 1451 527 1041 H - -
1196 1504 13 1043 V - -
1197 1467 569 293 H - -
1198 1423 146 1059 H - -
1199 1424 790 1032 V - -
1200 1466 562 1030 V - -
1201 1442 359 1022 V - -
1202 1492 585 1054 H - -
1203 1526 97 796 H - -
1204 1450 356 1007 V - -
1205 1388 287 1081 V - -
1206 1415 72 997 V - -
1207 1511 720 1141 V - -
1208 1500 170 947 V - -
1209 1405 290 980 H - -
1210 1426 860 181 V - -
1211 1465 17 961 V - -
1212 1488 232 819 V - -
1213 1544 462 459 V - -
1214 1525 358 492 V - -
1215 1576 716 1025 V - -
1216 1476 565 965 V - -
1217 1493 621 955 H - -
1218 1392 557 926 H - -
1219 1404 592 995 V - -
1220 1461 646 939 H - -
1221 1500 1114 144 V - -
1222 1418 558 989 H - -
1223 1480 757 768 V - -
1224 1577 456 552 V - -
1225 1503 470 963 H - -
1226 1471 374 934 V - -
1227 1550 247 1117 V - -
1228 1512 523 983 H - -
1229 1530 464 981 H - -
1230 1510 320 937 H - -
1231 1462 791 564 V - -
1232 1455 364 991 H - -
1233 1483 334 960 H - -
1234 1389 604 1020 V - -
1235 1537 630 79 V - -
1236 1479 725 914 V - -
1237 1458 712 1051 V - -
1238 1463 841 923 H - -
1239 1478 727 970 H - -
1240 1406 444 962 V - -
1241 1515 596 1134 V - -
1242 1501 546 1017 V - -
1243 1433 276 938 V - -
1244 1491 602 1045 H - -
1245 1482 366 1087 V - -
1246 1440 705 957 V - -
1247 1402 29 954 H - -
1248 1460 393 905 V - -
1249 1474 650 931 V - -
1250 1518 648 1010 V - -
1251 1572 813 1095 V - -
1252 1496 660 1066 V - -
1253 1431 530 943 V - -
1254 1395 686 956 H - -
1255 1469 608 901 H - -
1256 1412 278 902 H - -
1257 1401 241 907 V - -
1258 1416 806 919 V - -
1259 1475 724 933 V - -
1260 1481 48 911 V - -
1261 1541 788 880 V - -
1262 1501 653 1090 H - -
1263 1459 389 894 H - -
1264 1648 749 883 V - -
1265 1447 637 958 H - -
1266 1428 273 899 V - -
1267 1459 407 875 V - -
1268 1641 270 1019 V - -
1269 1473 360 886 V - -
1270 1410 761 770 H - -
1271 1456 35 878 V - -
1272 1441 623 889 H - -
1273 1472 614 898 V - -
1274 1475 606 916 V - -
1275 1465 324 984 H - -
1276 1517 104 1167 H - -
1277 1454 555 871 V - -
1278 1509 106 130 V - -
1279 1591 162 1068 H - -
1280 1531 824 1036 V - -
1281 1491 710 1119 H - -
1282 1570 692 976 H - -
1283 1457 632 922 H - -
1284 1443 520 885 V - -
1285 1505 769 1160 V - -
1286 1432 277 866 V - -
1287 1414 780 967 V - -
1288 1582 300 1006 H - -
1289 1517 111 108 V - -
1290 1496 346 1027 V - -
1291 1467 341 732 V - -
1292 1588 154 892 V - -
1293 1481 1026 175 V - -
1294 1437 209 941 H - -
1295 1444 519 864 V - -
1296 1486 265 869 H - -
1297 1623 251 1096 H - -
1298 1478 484 1124 H - -
1299 1439 199 1050 V - -
1300 1606 560 999 H - -
1301 1471 533 876 H - -
1302 1411 147 867 V - -
1303 1521 748 868 V - -
1304 1420 784 921 V - -
1305 1494 203 950 V - -
1306 1553 890 964 V - -
1307 1522 777 1069 H - -
1308 1449 755 912 V - -
1309 1436 924 1040 V - -
1310 1422 16 1008 V - -
1311 1448 331 948 H - -
1312 1498 499 1077 V - -
1313 1419 815 897 H - -
1314 1547 874 1034 V - -
1315 1497 946 971 H - -
1316 1485 1005 872 V - -
1317 1399 887 936 H - -
1318 1464 77 881 V - -
1319 1497 1060 1089 V - -
1320 1485 224 884 V - -
1321 1559 953 1001 H - -
1322 1534 764 927 V - -
1323 1494 1003 985 H - -
1324 1616 852 1083 H - -
1325 1390 969 1064 V - -
1326 1516 717 1126 H - -
1327 1545 763 1107 H - -
1328 1487 979 917 H - -
1329 1566 591 977 H - -
1330 1495 1163 1165 V - -
1331 1489 865 1102 V - -
1332 1427 1074 1135 H - -
1333 1550 1023 1048 H - -
1334 1552 1044 1132 H - -
1335 1400 656 1028 V - -
1336 1575 1002 1110 H - -
1337 1479 455 1009 H - -
1338 1544 797 915 V - -
1339 1508 11 973 H - -
1340 1498 540 1139 V - -
1341 1548 380 966 H - -
1342 1391 390 978 H - -
1343 1518 1123 1148 V - -
1344 1512 357 1047 V - -
1345 1565 1058 1100 V - -
1346 1394 988 1142 H - -
1347 1543 1097 1138 H - -
1348 1480 675 1150 V - -
1349 1398 877 929 H - -
1350 1511 103 994 H - -
1351 1510 526 863 V - -
1352 1492 795 896 V - -
1353 1627 893 982 V - -
1354 1508 913 928 V - -
1355 1474 1155 513 V - -
1356 1503 698 1094 V - -
1357 1554 128 1018 V - -
1358 1453 895 1079 V - -
1359 1506 1024 1128 V - -
1360 1490 91 992 V - -
1361 1524 879 1078 V - -
1362 1493 677 1131 V - -
1363 1549 54 1062 H - -
1364 1538 611 1145 V - -
1365 1598 870 1049 H - -
1366 1540 1143 397 V - -
1367 1525 1122 1061 V - -
1368 1470 1136 968 H - -
1369 1530 1086 1101 H - -
1370 1555 584 1071 V - -
1371 1542 1105 263 H - -
1372 1468 1172 908 V - -
1373 1446 1067 1140 V - -
1374 1618 570 1065 H - -
1375 1630 1092 12 V - -
1376 1488 1149 940 V - -
1377 1527 679 998 H - -
1378 1551 737 1070 V - -
1379 1581 166 1035 H - -
1380 1452 930 972 H - -
1381 1514 1129 1173 V - -
1382 1502 684 920 H - -
1383 1430 1113 1137 V - -
1384 1477 891 1076 H - -
1385 1507 1127 1053 V - -
1386 1499 1156 1056 V - -
1387 1612 1177 1180 H - -
1388 1583 1144 1205 V - -
1389 1569 1073 1234 V - -
1390 1622 205 1325 H - -
1391 1624 847 1342 V - -
1392 1653 1046 1218 H - -
1393 1570 837 1193 H - -
1394 1600 1164 1346 H - -
1395 1593 626 1254 V - -
1396 1609 986 567 H - -
1397 1531 1057 1042 V - -
1398 1568 918 1349 V - -
1399 1539 421 1317 H - -
1400 1587 1159 1335 H - -
1401 1536 1021 1257 H - -
1402 1589 1176 1247 H - -
1403 1564 1037 1187 H - -
1404 1585 949 1219 V - -
1405 1546 738 1209 V - -
1406 1587 1151 1240 V - -
1407 1532 700 463 V - -
1408 1590 512 1115 H - -
1409 1614 590 480 H - -
1410 1608 900 1270 H - -
1411 1523 1108 1302 V - -
1412 1524 935 1256 H - -
1413 1521 1152 186 H - -
1414 1529 673 1287 V - -
1415 1615 1158 1206 V - -
1416 1559 1111 1258 H - -
1417 1585 909 1015 H - -
1418 1565 1052 1222 V - -
1419 1605 1112 1313 V - -
1420 1558 1091 1304 H - -
1421 1573 1106 375 H - -
1422 1528 163 1310 V - -
1423 1571 633 1198 V - -
1424 1626 1031 1199 V - -
1425 1538 386 1000 H - -
1426 1578 993 1210 H - -
1427 1561 1063 1332 H - -
1428 1537 25 1266 V - -
1429 1520 932 1186 V - -
1430 1603 1166 1383 V - -
1431 1579 619 1253 V - -
1432 1572 1121 1286 H - -
1433 1589 1130 1243 H - -
1434 1579 910 410 V - -
1435 1557 369 830 V - -
1436 1578 183 1309 H - -
1437 1562 89 1294 H - -
1438 1596 1016 1188 H - -
1439 1567 945 1299 H - -
1440 1555 446 1246 V - -
1441 1527 678 1272 H - -
1442 1580 1082 1201 V - -
1443 1557 618 1284 V - -
1444 1620 990 1295 H - -
1445 1526 1168 1080 H - -
1446 1663 403 1373 V - -
1447 1582 888 1265 H - -
1448 1613 1161 1311 H - -
1449 1560 904 1308 V - -
1450 1595 362 1204 V - -
1451 1602 1125 1195 V - -
1452 1584 944 1380 V - -
1453 1575 1358 412 H - -
1454 1610 873 1277 H - -
1455 1553 432 1232 H - -
1456 1563 822 1271 V - -
1457 1535 1055 1283 V - -
1458 1577 951 1237 V - -
1459 1548 1263 1267 V - -
1460 1573 418 1248 V - -
1461 1606 1029 1220 H - -
1462 1634 974 1231 H - -
1463 1581 820 1238 V - -
1464 1591 1014 1318 V - -
1465 1519 1211 1275 V - -
1466 1552 1038 1200 V - -
1467 1586 1197 1291 H - -
1468 1543 1190 1372 V - -
1469 1569 952 1255 V - -
1470 1564 925 1368 V - -
1471 1560 1226 1301 V - -
1472 1522 1011 1273 V - -
1473 1568 831 1269 H - -
1474 1580 1249 1355 H - -
1475 1561 1259 1274 H - -
1476 1540 1216 184 V - -
1477 1533 1088 1384 V - -
1478 1576 1239 1298 V - -
1479 1611 1337 1236 H - -
1480 1594 1223 1348 V - -
1481 1655 1260 1293 V - -
1482 1547 1120 1245 H - -
1483 1563 1233 1185 H - -
1484 1601 1171 1194 V - -
1485 1586 1320 1316 H - -
1486 1584 238 1296 H - -
1487 1647 1104 1328 H - -
1488 1574 1212 1376 V - -
1489 1619 1146 1331 V - -
1490 1554 1116 1360 H - -
1491 1653 1281 1244 H - -
1492 1592 1202 1352 H - -
1493 1594 1362 1217 V - -
1494 1617 1305 1323 V - -
1495 1551 1179 1330 H - -
1496 1628 1252 1290 H - -
1497 1588 1319 1315 H - -
1498 1590 1312 1340 H - -
1499 1583 1386 987 V - -
1500 1571 1221 1208 H - -
1501 1646 1242 1262 H - -
1502 1593 1098 1382 H - -
1503 1566 1356 1225 V - -
1504 1549 906 1196 V - -
1505 1656 903 1285 H - -
1506 1598 1359 1182 V - -
1507 1556 1181 1385 H - -
1508 1613 1339 1354 V - -
1509 1651 1170 1278 V - -
1510 1621 1230 1351 V - -
1511 1592 1207 1350 H - -
1512 1595 1228 1344 V - -
1513 1597 1099 1178 V - -
1514 1643 1381 40 V - -
1515 1596 450 1241 V - -
1516 1631 1326 1175 V - -
1517 1597 1276 1289 H - -
1518 1628 1343 1250 V - -
1519 1630 76 1465 V - -
1520 1621 959 1429 H - -
1521 1623 1303 1413 V - -
1522 1625 1307 1472 H - -
1523 1618 1154 1411 H - -
1524 1638 1361 1412 H - -
1525 1667 1367 1214 H - -
1526 1651 1203 1445 V - -
1527 1599 1377 1441 V - -
1528 1642 1191 1422 V - -
1529 1637 767 1414 V - -
1530 1654 1229 1369 H - -
1531 1609 1280 1397 V - -
1532 1611 549 1407 H - -
1533 1600 1118 1477 H - -
1534 1608 1085 1322 H - -
1535 1632 1133 1457 H - -
1536 1607 1147 1401 V - -
1537 1619 1235 1428 H - -
1538 1640 1364 1425 H - -
1539 1636 862 1399 H - -
1540 1658 1366 1476 V - -
1541 1626 1261 1075 V - -
1542 1664 1189 1371 V - -
1543 1604 1347 1468 V - -
1544 1610 1338 1213 V - -
1545 1602 1192 1327 H - -
1546 1617 1109 1405 H - -
1547 1624 1314 1482 V - -
1548 1627 1341 1459 H - -
1549 1642 1363 1504 V - -
1550 1649 1227 1333 V - -
1551 1684 1378 1495 V - -
1552 1650 1334 1466 V - -
1553 1662 1306 1455 H - -
1554 1648 1357 1490 H - -
1555 1644 1370 1440 V - -
1556 1603 1183 1507 V - -
1557 1620 1435 1443 V - -
1558 1615 1013 1420 H - -
1559 1649 1321 1416 H - -
1560 1633 1449 1471 H - -
1561 1668 1427 1475 H - -
1562 1601 1157 1437 H - -
1563 1639 1456 1483 H - -
1564 1629 1403 1470 V - -
1565 1635 1345 1418 V - -
1566 1665 1329 1503 V - -
1567 1605 942 1439 V - -
1568 1625 1398 1473 V - -
1569 1614 1389 1469 V - -
1570 1658 1282 1393 H - -
1571 1670 1423 1500 H - -
1572 1622 1251 1432 V - -
1573 1661 1421 1460 V - -
1574 1638 1004 1488 V - -
1575 1633 1336 1453 V - -
1576 1682 1215 1478 V - -
1577 1640 1458 1224 V - -
1578 1629 1426 1436 H - -
1579 1645 1431 1434 H - -
1580 1660 1442 1474 H - -
1581 1641 1379 1463 V - -
1582 1616 1288 1447 V - -
1583 1631 1388 1499 V - -
1584 1659 1452 1486 V - -
1585 1654 1404 1417 H - -
1586 1657 1485 1467 H - -
1587 1634 1400 1406 V - -
1588 1639 1497 1292 V - -
1589 1679 1402 1433 H - -
1590 1635 1408 1498 H - -
1591 1632 1464 1279 V - -
1592 1612 1511 1492 H - -
1593 1636 1395 1502 V - -
1594 1637 1480 1493 V - -
1595 1652 1512 1450 V - -
1596 1677 1515 1438 H - -
1597 1680 1513 1517 V - -
1598 1675 1506 1365 H - -
1599 1678 425 1527 H - -
1600 1669 1394 1533 V - -
1601 1664 1484 1562 V - -
1602 1672 1451 1545 V - -
1603 1676 1430 1556 V - -
1604 1659 1184 1543 V - -
1605 1666 1419 1567 V - -
1606 1660 1461 1300 V - -
1607 1691 1153 1536 H - -
1608 1656 1410 1534 H - -
1609 1674 1396 1531 V - -
1610 1644 1454 1544 H - -
1611 1665 1479 1532 V - -
1612 1683 1387 1592 H - -
1613 1661 1448 1508 V - -
1614 1668 1409 1569 V - -
1615 1669 1558 1415 V - -
1616 1663 1324 1582 H - -
1617 1686 1494 1546 H - -
1618 1657 1374 1523 H - -
1619 1671 1489 1537 V - -
1620 1662 1444 1557 V - -
1621 1645 1510 1520 V - -
1622 1647 1390 1572 V - -
1623 1685 1297 1521 H - -
1624 1673 1391 1547 V - -
1625 1652 1522 1568 H - -
1626 1650 1424 1541 V - -
1627 1667 1353 1548 H - -
1628 1682 1496 1518 V - -
1629 1674 1564 1578 H - -
1630 1655 1375 1519 V - -
1631 1698 1516 1583 H - -
1632 1687 1591 1535 V - -
1633 1673 1560 1575 H - -
1634 1681 1462 1587 V - -
1635 1675 1565 1590 V - -
1636 1688 1539 1593 V - -
1637 1672 1594 1529 H - -
1638 1666 1524 1574 H - -
1639 1671 1588 1563 H - -
1640 1646 1538 1577 V - -
1641 1670 1581 1268 H - -
1642 1643 1549 1528 H - -
1643 1694 1514 1642 H - -
1644 1692 1555 1610 V - -
1645 1695 1579 1621 H - -
1646 1696 1501 1640 H - -
1647 1679 1487 1622 V - -
1648 1684 1264 1554 V - -
1649 1691 1559 1550 H - -
1650 1681 1552 1626 H - -
1651 1680 1526 1509 H - -
1652 1689 1595 1625 V - -
1653 1696 1392 1491 H - -
1654 1692 1530 1585 H - -
1655 1688 1481 1630 V - -
1656 1678 1505 1608 V - -
1657 1685 1618 1586 H - -
1658 1690 1540 1570 H - -
1659 1701 1584 1604 H - -
1660 1693 1580 1606 H - -
1661 1699 1573 1613 V - -
1662 1689 1553 1620 V - -
1663 1693 1446 1616 V - -
1664 1686 1542 1601 V - -
1665 1677 1566 1611 H - -
1666 1700 1605 1638 V - -
1667 1695 1627 1525 V - -
1668 1683 1561 1614 H - -
1669 1697 1600 1615 H - -
1670 1687 1571 1641 V - -
1671 1694 1619 1639 H - -
1672 1676 1602 1637 H - -
1673 1697 1624 1633 H - -
1674 1690 1629 1609 H - -
1675 1707 1635 1598 V - -
1676 1704 1603 1672 V - -
1677 1703 1596 1665 V - -
1678 1704 1599 1656 H - -
1679 1700 1589 1647 V - -
1680 1711 1597 1651 V - -
1681 1698 1634 1650 V - -
1682 1710 1628 1576 V - -
1683 1702 1612 1668 H - -
1684 1705 1551 1648 H - -
1685 1716 1623 1657 H - -
1686 1705 1664 1617 H - -
1687 1712 1632 1670 H - -
1688 1699 1636 1655 H - -
1689 1707 1652 1662 V - -
1690 1709 1658 1674 H - -
1691 1701 1607 1649 H - -
1692 1702 1654 1644 H - -
1693 1706 1660 1663 H - -
1694 1712 1643 1671 H - -
1695 1706 1667 1645 H - -
1696 1703 1646 1653 V - -
1697 1708 1669 1673 V - -
1698 1709 1631 1681 V - -
1699 1708 1661 1688 H - -
1700 1713 1666 1679 H - -
1701 1711 1659 1691 V - -
1702 1714 1683 1692 V - -
1703 1714 1677 1696 V - -
1704 1715 1676 1678 H - -
1705 1713 1684 1686 V - -
1706 1710 1693 1695 H - -
1707 1715 1689 1675 V - -
1708 1717 1697 1699 V - -
1709 1716 1690 1698 V - -
1710 1718 1682 1706 V - -
1711 1720 1680 1701 H - -
1712 1717 1694 1687 H - -
1713 1719 1700 1705 H - -
1714 1720 1702 1703 H - -
1715 1718 1704 1707 V - -
1716 1719 1685 1709 V - -
1717 1721 1708 1712 H - -
1718 1722 1710 1715 V - -
1719 1721 1713 1716 V - -
1720 1722 1714 1711 H - -
1721 1723 1717 1719 V - -
1722 1723 1718 1720 V - -
1723 -1 1721 1722 V - -
